# x | height h | flow rates qx | qz
0.00000000  0.20236710  -0.19960128  -0.00000123
1.00000000  0.20262583  -0.19984934  -0.00000115
2.00000000  0.20288455  -0.20009740  -0.00000107
3.00000000  0.20317464  -0.20037538  -0.00000081
4.00000000  0.20347531  -0.20066313  -0.00000102
5.00000000  0.20380239  -0.20097595  -0.00000096
6.00000000  0.20414999  -0.20130843  -0.00000119
7.00000000  0.20452501  -0.20166732  -0.00000119
8.00000000  0.20492497  -0.20205033  -0.00000121
9.00000000  0.20535037  -0.20245755  -0.00000109
10.00000000  0.20579971  -0.20288746  -0.00000100
11.00000000  0.20627390  -0.20334083  -0.00000090
12.00000000  0.20677355  -0.20381849  -0.00000086
13.00000000  0.20729910  -0.20432106  -0.00000082
14.00000000  0.20784982  -0.20484763  -0.00000076
15.00000000  0.20842505  -0.20539740  -0.00000068
16.00000000  0.20902374  -0.20596936  -0.00000061
17.00000000  0.20964561  -0.20656335  -0.00000055
18.00000000  0.21029010  -0.20717901  -0.00000050
19.00000000  0.21095563  -0.20781459  -0.00000045
20.00000000  0.21164079  -0.20846863  -0.00000041
21.00000000  0.21234539  -0.20914082  -0.00000037
22.00000000  0.21306977  -0.20983171  -0.00000033
23.00000000  0.21381338  -0.21054095  -0.00000027
24.00000000  0.21457364  -0.21126597  -0.00000023
25.00000000  0.21534878  -0.21200469  -0.00000019
26.00000000  0.21613809  -0.21275653  -0.00000016
27.00000000  0.21694158  -0.21352156  -0.00000015
28.00000000  0.21775900  -0.21429983  -0.00000013
29.00000000  0.21858837  -0.21508934  -0.00000010
30.00000000  0.21942806  -0.21588822  -0.00000007
31.00000000  0.22027656  -0.21669509  -0.00000005
32.00000000  0.22113317  -0.21750918  -0.00000004
33.00000000  0.22199786  -0.21833077  -0.00000004
34.00000000  0.22287050  -0.21915990  -0.00000003
35.00000000  0.22374877  -0.21999423  -0.00000001
36.00000000  0.22462872  -0.22082964  0.00000001
37.00000000  0.22550693  -0.22166283  0.00000001
38.00000000  0.22638389  -0.22249404  0.00000000
39.00000000  0.22726372  -0.22332749  -0.00000001
40.00000000  0.22814840  -0.22416559  -0.00000001
41.00000000  0.22903635  -0.22500703  -0.00000001
42.00000000  0.22992282  -0.22584711  -0.00000000
43.00000000  0.23080128  -0.22667956  0.00000000
44.00000000  0.23166403  -0.22749701  0.00000001
45.00000000  0.23250401  -0.22829247  0.00000001
46.00000000  0.23331618  -0.22906131  0.00000001
47.00000000  0.23409779  -0.22980106  0.00000002
48.00000000  0.23484565  -0.23050892  0.00000003
49.00000000  0.23555581  -0.23118117  0.00000005
50.00000000  0.23622257  -0.23181252  0.00000008
51.00000000  0.23683719  -0.23239478  0.00000014
52.00000000  0.23739035  -0.23291908  0.00000022
53.00000000  0.23787251  -0.23337637  0.00000036
54.00000000  0.23827493  -0.23375833  0.00000058
55.00000000  0.23858915  -0.23405692  0.00000093
56.00000000  0.23880744  -0.23426461  0.00000150
57.00000000  0.23892529  -0.23437701  0.00000245
58.00000000  0.23894671  -0.23439756  0.00000360
59.00000000  0.23894548  -0.23439635  0.00000056
60.00000000  0.23894821  -0.23439871  -0.00000258
61.00000000  0.23895656  -0.23440616  -0.00000489
62.00000000  0.23897429  -0.23442216  -0.00000638
63.00000000  0.23900512  -0.23445038  -0.00000717
64.00000000  0.23905301  -0.23449457  -0.00000744
65.00000000  0.23912162  -0.23455833  -0.00000738
66.00000000  0.23921449  -0.23464480  -0.00000716
67.00000000  0.23933560  -0.23475771  -0.00000688
68.00000000  0.23948844  -0.23490058  -0.00000656
69.00000000  0.23967649  -0.23507647  -0.00000619
70.00000000  0.23990272  -0.23528834  -0.00000572
71.00000000  0.24016948  -0.23553836  -0.00000511
72.00000000  0.24047802  -0.23582783  -0.00000437
73.00000000  0.24082856  -0.23615685  -0.00000352
74.00000000  0.24121998  -0.23652455  -0.00000260
75.00000000  0.24164975  -0.23692851  -0.00000167
76.00000000  0.24211305  -0.23736447  -0.00000077
77.00000000  0.24260281  -0.23782553  0.00000001
78.00000000  0.24311000  -0.23830314  0.00000064
79.00000000  0.24362329  -0.23878704  0.00000107
80.00000000  0.24412853  -0.23926385  0.00000136
81.00000000  0.24460636  -0.23971546  0.00000166
82.00000000  0.24503350  -0.24011976  0.00000217
83.00000000  0.24538568  -0.24045356  0.00000309
84.00000000  0.24563965  -0.24069478  0.00000467
85.00000000  0.24577533  -0.24082404  0.00000717
86.00000000  0.24578875  -0.24083738  0.00000988
87.00000000  0.24578790  -0.24083680  0.00000714
88.00000000  0.24578804  -0.24083692  0.00000385
89.00000000  0.24578866  -0.24083750  0.00000146
90.00000000  0.24579014  -0.24083887  -0.00000004
91.00000000  0.24579284  -0.24084140  -0.00000075
92.00000000  0.24579687  -0.24084523  -0.00000093
93.00000000  0.24580267  -0.24085064  -0.00000081
94.00000000  0.24581040  -0.24085790  -0.00000055
95.00000000  0.24582019  -0.24086709  -0.00000028
96.00000000  0.24583218  -0.24087839  -0.00000004
97.00000000  0.24584630  -0.24089172  0.00000016
98.00000000  0.24586210  -0.24090675  0.00000035
99.00000000  0.24587849  -0.24092253  0.00000056
100.00000000  0.24589331  -0.24093693  0.00000082
101.00000000  0.24590333  -0.24094689  0.00000121
102.00000000  0.24590522  -0.24094917  0.00000175
103.00000000  0.24590413  -0.24094857  0.00000186
104.00000000  0.24590114  -0.24094614  0.00000181
105.00000000  0.24589545  -0.24094102  0.00000171
106.00000000  0.24588646  -0.24093266  0.00000157
107.00000000  0.24587388  -0.24092084  0.00000146
108.00000000  0.24585760  -0.24090554  0.00000145
109.00000000  0.24583718  -0.24088639  0.00000158
110.00000000  0.24581186  -0.24086282  0.00000187
111.00000000  0.24578007  -0.24083348  0.00000229
112.00000000  0.24573922  -0.24079591  0.00000277
113.00000000  0.24568632  -0.24074718  0.00000318
114.00000000  0.24561869  -0.24068451  0.00000338
115.00000000  0.24553506  -0.24060652  0.00000333
116.00000000  0.24543488  -0.24051306  0.00000316
117.00000000  0.24531703  -0.24040313  0.00000298
118.00000000  0.24517928  -0.24027464  0.00000283
119.00000000  0.24502032  -0.24012598  0.00000272
120.00000000  0.24483913  -0.23995647  0.00000266
121.00000000  0.24463448  -0.23976503  0.00000261
122.00000000  0.24440475  -0.23955001  0.00000253
123.00000000  0.24414864  -0.23931000  0.00000239
124.00000000  0.24386576  -0.23904483  0.00000219
125.00000000  0.24355581  -0.23875415  0.00000194
126.00000000  0.24321882  -0.23843783  0.00000170
127.00000000  0.24285527  -0.23809639  0.00000144
128.00000000  0.24246651  -0.23773104  0.00000122
129.00000000  0.24205317  -0.23734263  0.00000103
130.00000000  0.24161512  -0.23693086  0.00000085
131.00000000  0.24115334  -0.23649622  0.00000065
132.00000000  0.24067098  -0.23604174  0.00000046
133.00000000  0.24017164  -0.23557118  0.00000029
134.00000000  0.23965859  -0.23508760  0.00000015
135.00000000  0.23913442  -0.23459339  0.00000007
136.00000000  0.23860092  -0.23409028  0.00000002
137.00000000  0.23806013  -0.23358011  -0.00000000
138.00000000  0.23751365  -0.23306443  0.00000001
139.00000000  0.23696235  -0.23254408  0.00000003
140.00000000  0.23640637  -0.23201920  0.00000005
141.00000000  0.23584591  -0.23148988  0.00000006
142.00000000  0.23528075  -0.23095603  0.00000008
143.00000000  0.23471025  -0.23041691  0.00000009
144.00000000  0.23413338  -0.22987169  0.00000011
145.00000000  0.23354900  -0.22931916  0.00000013
146.00000000  0.23295596  -0.22875832  0.00000015
147.00000000  0.23235331  -0.22818819  0.00000016
148.00000000  0.23174031  -0.22760814  0.00000016
149.00000000  0.23111665  -0.22701782  0.00000015
150.00000000  0.23048231  -0.22641724  0.00000013
151.00000000  0.22983754  -0.22580659  0.00000010
152.00000000  0.22918318  -0.22518669  0.00000007
153.00000000  0.22852027  -0.22455849  0.00000004
154.00000000  0.22785032  -0.22392327  0.00000002
155.00000000  0.22717513  -0.22328284  0.00000000
156.00000000  0.22649670  -0.22263911  -0.00000001
157.00000000  0.22581670  -0.22199374  -0.00000000
158.00000000  0.22513524  -0.22134684  0.00000001
159.00000000  0.22445226  -0.22069828  0.00000002
160.00000000  0.22376768  -0.22004798  0.00000003
161.00000000  0.22308065  -0.21939515  0.00000005
162.00000000  0.22238958  -0.21873827  0.00000006
163.00000000  0.22169270  -0.21807566  0.00000008
164.00000000  0.22098835  -0.21740572  0.00000010
165.00000000  0.22027515  -0.21672714  0.00000011
166.00000000  0.21955229  -0.21603915  0.00000011
167.00000000  0.21881944  -0.21534140  0.00000009
168.00000000  0.21807732  -0.21463460  0.00000007
169.00000000  0.21732779  -0.21392050  0.00000004
170.00000000  0.21657304  -0.21320120  0.00000001
171.00000000  0.21581593  -0.21247931  -0.00000001
172.00000000  0.21506059  -0.21175872  -0.00000002
173.00000000  0.21431205  -0.21104409  -0.00000001
174.00000000  0.21357615  -0.21034104  0.00000001
175.00000000  0.21285799  -0.20965472  0.00000002
176.00000000  0.21216020  -0.20898803  0.00000004
177.00000000  0.21148038  -0.20833863  0.00000006
178.00000000  0.21081157  -0.20769963  0.00000009
179.00000000  0.21014462  -0.20706214  0.00000013
180.00000000  0.20947060  -0.20641772  0.00000019
181.00000000  0.20878215  -0.20575932  0.00000026
182.00000000  0.20807530  -0.20508310  0.00000030
183.00000000  0.20734970  -0.20438874  0.00000027
184.00000000  0.20660812  -0.20367885  0.00000017
185.00000000  0.20585588  -0.20295851  0.00000005
186.00000000  0.20510058  -0.20223501  -0.00000003
187.00000000  0.20435064  -0.20151623  -0.00000006
188.00000000  0.20361489  -0.20081048  -0.00000003
189.00000000  0.20290112  -0.20012541  0.00000002
190.00000000  0.20221309  -0.19946498  0.00000009
191.00000000  0.20154870  -0.19882734  0.00000016
192.00000000  0.20089820  -0.19820318  0.00000023
193.00000000  0.20024717  -0.19757833  0.00000033
194.00000000  0.19958135  -0.19693907  0.00000047
195.00000000  0.19889064  -0.19627570  0.00000058
196.00000000  0.19817114  -0.19558452  0.00000056
197.00000000  0.19742571  -0.19486819  0.00000040
198.00000000  0.19666268  -0.19413474  0.00000014
199.00000000  0.19589411  -0.19339572  -0.00000007
200.00000000  0.19513389  -0.19266449  -0.00000017
201.00000000  0.19439530  -0.19195382  -0.00000015
202.00000000  0.19368850  -0.19127329  -0.00000006
203.00000000  0.19301960  -0.19062883  0.00000002
204.00000000  0.19238925  -0.19002125  0.00000006
205.00000000  0.19179332  -0.18944672  0.00000007
206.00000000  0.19122216  -0.18889634  0.00000006
207.00000000  0.19066182  -0.18835653  0.00000006
208.00000000  0.19009869  -0.18781376  0.00000009
209.00000000  0.18952249  -0.18725829  0.00000016
210.00000000  0.18892819  -0.18668522  0.00000022
211.00000000  0.18831518  -0.18609402  0.00000022
212.00000000  0.18768603  -0.18548706  0.00000018
213.00000000  0.18704416  -0.18486768  0.00000011
214.00000000  0.18639323  -0.18423942  0.00000004
215.00000000  0.18573676  -0.18360566  0.00000000
216.00000000  0.18507807  -0.18296957  -0.00000002
217.00000000  0.18442056  -0.18233445  -0.00000002
218.00000000  0.18376796  -0.18170393  -0.00000002
219.00000000  0.18312435  -0.18108195  -0.00000001
220.00000000  0.18249336  -0.18047200  -0.00000000
221.00000000  0.18187763  -0.17987670  0.00000000
222.00000000  0.18127780  -0.17929654  0.00000001
223.00000000  0.18069211  -0.17872986  0.00000001
224.00000000  0.18011793  -0.17817400  0.00000000
225.00000000  0.17955288  -0.17762676  0.00000000
226.00000000  0.17899576  -0.17708705  -0.00000000
227.00000000  0.17844670  -0.17655520  -0.00000000
228.00000000  0.17790720  -0.17603284  -0.00000000
229.00000000  0.17737941  -0.17552170  0.00000000
230.00000000  0.17686629  -0.17502466  0.00000000
231.00000000  0.17636909  -0.17454296  0.00000001
232.00000000  0.17588718  -0.17407596  0.00000001
233.00000000  0.17541671  -0.17361999  0.00000002
234.00000000  0.17495105  -0.17316861  0.00000004
235.00000000  0.17448284  -0.17271465  0.00000007
236.00000000  0.17400561  -0.17225192  0.00000011
237.00000000  0.17351571  -0.17177680  0.00000013
238.00000000  0.17301315  -0.17128931  0.00000011
239.00000000  0.17250140  -0.17079282  0.00000005
240.00000000  0.17198588  -0.17029257  -0.00000000
241.00000000  0.17147288  -0.16979468  -0.00000003
242.00000000  0.17096855  -0.16930512  -0.00000003
243.00000000  0.17047781  -0.16882868  -0.00000001
244.00000000  0.17000365  -0.16836827  0.00000000
245.00000000  0.16954719  -0.16792493  0.00000001
246.00000000  0.16910768  -0.16749801  0.00000001
247.00000000  0.16868287  -0.16708529  0.00000000
248.00000000  0.16826966  -0.16668376  0.00000000
249.00000000  0.16786471  -0.16629015  -0.00000000
250.00000000  0.16746613  -0.16590254  -0.00000000
251.00000000  0.16707270  -0.16551988  -0.00000000
252.00000000  0.16668567  -0.16514330  -0.00000000
253.00000000  0.16630767  -0.16477548  0.00000000
254.00000000  0.16594210  -0.16441974  0.00000000
255.00000000  0.16559182  -0.16407906  0.00000000
256.00000000  0.16525863  -0.16375497  0.00000000
257.00000000  0.16494301  -0.16344793  0.00000000
258.00000000  0.16464321  -0.16315629  0.00000000
259.00000000  0.16435602  -0.16287687  0.00000000
260.00000000  0.16407655  -0.16260491  0.00000000
261.00000000  0.16380017  -0.16233595  0.00000000
262.00000000  0.16352373  -0.16206692  0.00000000
263.00000000  0.16324541  -0.16179603  0.00000001
264.00000000  0.16296470  -0.16152279  0.00000001
265.00000000  0.16268286  -0.16124843  0.00000000
266.00000000  0.16240332  -0.16097626  -0.00000000
267.00000000  0.16213007  -0.16071019  -0.00000000
268.00000000  0.16186658  -0.16045362  -0.00000000
269.00000000  0.16161601  -0.16020961  -0.00000000
270.00000000  0.16137998  -0.15997973  0.00000000
271.00000000  0.16115861  -0.15976413  0.00000000
272.00000000  0.16095071  -0.15956159  0.00000000
273.00000000  0.16075407  -0.15937005  0.00000000
274.00000000  0.16056544  -0.15918627  0.00000000
275.00000000  0.16038130  -0.15900689  0.00000000
276.00000000  0.16019931  -0.15882957  -0.00000000
277.00000000  0.16001920  -0.15865408  -0.00000000
278.00000000  0.15984215  -0.15848155  -0.00000000
279.00000000  0.15967132  -0.15831508  -0.00000000
280.00000000  0.15951109  -0.15815893  -0.00000000
281.00000000  0.15936624  -0.15801774  -0.00000000
282.00000000  0.15924069  -0.15789536  -0.00000000
283.00000000  0.15913682  -0.15779413  -0.00000000
284.00000000  0.15905489  -0.15771429  -0.00000000
285.00000000  0.15899326  -0.15765421  -0.00000001
286.00000000  0.15894867  -0.15761074  -0.00000001
287.00000000  0.15891704  -0.15757988  -0.00000002
288.00000000  0.15889442  -0.15755782  -0.00000004
289.00000000  0.15887731  -0.15754110  -0.00000008
290.00000000  0.15886390  -0.15752791  -0.00000016
291.00000000  0.15885420  -0.15751833  -0.00000030
292.00000000  0.15884991  -0.15751398  -0.00000061
293.00000000  0.15885048  -0.15751432  -0.00000079
294.00000000  0.15885209  -0.15751570  -0.00000077
295.00000000  0.15885580  -0.15751916  -0.00000071
296.00000000  0.15886237  -0.15752544  -0.00000065
297.00000000  0.15887241  -0.15753515  -0.00000058
298.00000000  0.15888651  -0.15754884  -0.00000052
299.00000000  0.15890504  -0.15756688  -0.00000047
300.00000000  0.15892835  -0.15758961  -0.00000042
301.00000000  0.15895666  -0.15761723  -0.00000038
302.00000000  0.15899022  -0.15764993  -0.00000036
303.00000000  0.15902941  -0.15768811  -0.00000036
304.00000000  0.15907459  -0.15773214  -0.00000035
305.00000000  0.15912601  -0.15778226  -0.00000034
306.00000000  0.15918404  -0.15783882  -0.00000033
307.00000000  0.15924880  -0.15790194  -0.00000032
308.00000000  0.15932079  -0.15797210  -0.00000031
309.00000000  0.15940011  -0.15804937  -0.00000030
310.00000000  0.15948704  -0.15813410  -0.00000030
311.00000000  0.15958184  -0.15822649  -0.00000029
312.00000000  0.15968479  -0.15832680  -0.00000029
313.00000000  0.15979604  -0.15843524  -0.00000028
314.00000000  0.15991580  -0.15855193  -0.00000027
315.00000000  0.16004436  -0.15867719  -0.00000026
316.00000000  0.16018184  -0.15881115  -0.00000025
317.00000000  0.16032842  -0.15895396  -0.00000025
318.00000000  0.16048415  -0.15910569  -0.00000023
319.00000000  0.16064911  -0.15926640  -0.00000022
320.00000000  0.16082330  -0.15943608  -0.00000021
321.00000000  0.16100661  -0.15961464  -0.00000019
322.00000000  0.16119902  -0.15980205  -0.00000018
323.00000000  0.16140032  -0.15999812  -0.00000017
324.00000000  0.16161056  -0.16020286  -0.00000016
325.00000000  0.16182949  -0.16041607  -0.00000014
326.00000000  0.16205692  -0.16063753  -0.00000013
327.00000000  0.16229264  -0.16086705  -0.00000012
328.00000000  0.16253638  -0.16110435  -0.00000011
329.00000000  0.16278793  -0.16134924  -0.00000010
330.00000000  0.16304703  -0.16160145  -0.00000009
331.00000000  0.16331346  -0.16186079  -0.00000008
332.00000000  0.16358687  -0.16212690  -0.00000007
333.00000000  0.16386701  -0.16239955  -0.00000007
334.00000000  0.16415377  -0.16267857  -0.00000006
335.00000000  0.16444680  -0.16296369  -0.00000006
336.00000000  0.16474599  -0.16325475  -0.00000005
337.00000000  0.16505107  -0.16355154  -0.00000005
338.00000000  0.16536172  -0.16385370  -0.00000004
339.00000000  0.16567786  -0.16416121  -0.00000004
340.00000000  0.16599944  -0.16447394  -0.00000004
341.00000000  0.16632625  -0.16479172  -0.00000004
342.00000000  0.16665831  -0.16511455  -0.00000004
343.00000000  0.16699564  -0.16544247  -0.00000005
344.00000000  0.16733807  -0.16577527  -0.00000006
345.00000000  0.16768666  -0.16611385  -0.00000008
346.00000000  0.16804269  -0.16645950  -0.00000010
347.00000000  0.16840759  -0.16681373  -0.00000013
348.00000000  0.16878310  -0.16717817  -0.00000015
349.00000000  0.16916992  -0.16755380  -0.00000016
350.00000000  0.16956805  -0.16794048  -0.00000014
351.00000000  0.16997628  -0.16833694  -0.00000010
352.00000000  0.17039299  -0.16874157  -0.00000007
353.00000000  0.17081703  -0.16915323  -0.00000004
354.00000000  0.17124733  -0.16957094  -0.00000002
355.00000000  0.17168306  -0.16999386  -0.00000002
356.00000000  0.17212358  -0.17042133  -0.00000001
357.00000000  0.17256790  -0.17085245  -0.00000001
358.00000000  0.17301548  -0.17128664  -0.00000001
359.00000000  0.17346559  -0.17172325  -0.00000000
360.00000000  0.17391786  -0.17216183  -0.00000000
361.00000000  0.17437208  -0.17260228  -0.00000001
362.00000000  0.17482825  -0.17304455  -0.00000001
363.00000000  0.17528674  -0.17348894  -0.00000001
364.00000000  0.17574766  -0.17393565  -0.00000001
365.00000000  0.17621088  -0.17438452  -0.00000001
366.00000000  0.17667665  -0.17483577  -0.00000001
367.00000000  0.17714503  -0.17528947  -0.00000001
368.00000000  0.17761625  -0.17574586  -0.00000001
369.00000000  0.17809066  -0.17620523  -0.00000002
370.00000000  0.17856860  -0.17666800  -0.00000002
371.00000000  0.17905049  -0.17713444  -0.00000002
372.00000000  0.17953655  -0.17760487  -0.00000002
373.00000000  0.18002693  -0.17807938  -0.00000003
374.00000000  0.18052183  -0.17855817  -0.00000003
375.00000000  0.18102151  -0.17904148  -0.00000004
376.00000000  0.18152605  -0.17952926  -0.00000005
377.00000000  0.18203637  -0.18002240  -0.00000006
378.00000000  0.18255422  -0.18052259  -0.00000009
379.00000000  0.18308161  -0.18103184  -0.00000011
380.00000000  0.18361987  -0.18155168  -0.00000012
381.00000000  0.18416953  -0.18208262  -0.00000011
382.00000000  0.18472931  -0.18262334  -0.00000009
383.00000000  0.18529707  -0.18317164  -0.00000005
384.00000000  0.18587066  -0.18372546  -0.00000001
385.00000000  0.18644755  -0.18428230  0.00000001
386.00000000  0.18702579  -0.18484035  0.00000002
387.00000000  0.18760371  -0.18539798  0.00000002
388.00000000  0.18817988  -0.18595377  0.00000001
389.00000000  0.18875353  -0.18650700  0.00000000
390.00000000  0.18932416  -0.18705720  -0.00000000
391.00000000  0.18989179  -0.18760440  -0.00000001
392.00000000  0.19045663  -0.18814880  -0.00000000
393.00000000  0.19101927  -0.18869095  -0.00000000
394.00000000  0.19158033  -0.18923143  -0.00000000
395.00000000  0.19214025  -0.18977070  -0.00000000
396.00000000  0.19269985  -0.19030955  -0.00000001
397.00000000  0.19326010  -0.19084890  -0.00000001
398.00000000  0.19382197  -0.19138971  -0.00000002
399.00000000  0.19438669  -0.19193310  -0.00000003
400.00000000  0.19495524  -0.19247982  -0.00000005
401.00000000  0.19552965  -0.19303186  -0.00000008
402.00000000  0.19611266  -0.19359191  -0.00000011
403.00000000  0.19670714  -0.19416291  -0.00000014
404.00000000  0.19731411  -0.19474599  -0.00000014
405.00000000  0.19793300  -0.19534065  -0.00000012
406.00000000  0.19856174  -0.19594464  -0.00000007
407.00000000  0.19919686  -0.19655459  -0.00000002
408.00000000  0.19983442  -0.19716670  0.00000002
409.00000000  0.20047201  -0.19777869  0.00000003
410.00000000  0.20110688  -0.19838792  0.00000003
411.00000000  0.20173676  -0.19899219  0.00000001
412.00000000  0.20236015  -0.19959009  0.00000000
413.00000000  0.20297632  -0.20018089  -0.00000001
414.00000000  0.20358507  -0.20076443  -0.00000001
415.00000000  0.20418681  -0.20134112  -0.00000001
416.00000000  0.20478235  -0.20191172  -0.00000001
417.00000000  0.20537275  -0.20247725  -0.00000001
418.00000000  0.20595941  -0.20303904  -0.00000001
419.00000000  0.20654394  -0.20359863  -0.00000001
420.00000000  0.20712830  -0.20415793  -0.00000003
421.00000000  0.20771413  -0.20471835  -0.00000004
422.00000000  0.20830373  -0.20528199  -0.00000007
423.00000000  0.20890026  -0.20585188  -0.00000010
424.00000000  0.20950727  -0.20643158  -0.00000013
425.00000000  0.21012668  -0.20702325  -0.00000014
426.00000000  0.21075833  -0.20762676  -0.00000012
427.00000000  0.21139847  -0.20823835  -0.00000006
428.00000000  0.21204200  -0.20885296  -0.00000000
429.00000000  0.21268398  -0.20946592  0.00000003
430.00000000  0.21332003  -0.21007305  0.00000004
431.00000000  0.21394695  -0.21067128  0.00000003
432.00000000  0.21456212  -0.21125816  0.00000001
433.00000000  0.21516427  -0.21183243  -0.00000001
434.00000000  0.21575351  -0.21239427  -0.00000001
435.00000000  0.21633075  -0.21294451  -0.00000001
436.00000000  0.21689825  -0.21348530  -0.00000001
437.00000000  0.21745850  -0.21401909  -0.00000001
438.00000000  0.21801454  -0.21454871  -0.00000001
439.00000000  0.21856973  -0.21507736  -0.00000002
440.00000000  0.21912660  -0.21560749  -0.00000004
441.00000000  0.21968725  -0.21614110  -0.00000006
442.00000000  0.22025335  -0.21667969  -0.00000008
443.00000000  0.22082594  -0.21722414  -0.00000011
444.00000000  0.22140707  -0.21777612  -0.00000014
445.00000000  0.22199915  -0.21833825  -0.00000016
446.00000000  0.22260432  -0.21891271  -0.00000016
447.00000000  0.22322235  -0.21949960  -0.00000013
448.00000000  0.22384907  -0.22009504  -0.00000006
449.00000000  0.22447862  -0.22069289  0.00000000
450.00000000  0.22510546  -0.22128795  0.00000004
451.00000000  0.22572446  -0.22187541  0.00000005
452.00000000  0.22633153  -0.22245140  0.00000003
453.00000000  0.22692384  -0.22301321  0.00000001
454.00000000  0.22750024  -0.22355978  -0.00000001
455.00000000  0.22806107  -0.22409147  -0.00000002
456.00000000  0.22860792  -0.22460978  -0.00000002
457.00000000  0.22914326  -0.22511704  -0.00000001
458.00000000  0.22967049  -0.22561648  -0.00000001
459.00000000  0.23019351  -0.22611180  -0.00000001
460.00000000  0.23071600  -0.22660641  -0.00000001
461.00000000  0.23124132  -0.22710349  -0.00000001
462.00000000  0.23177087  -0.22760460  -0.00000002
463.00000000  0.23230530  -0.22811018  -0.00000002
464.00000000  0.23284307  -0.22861877  -0.00000002
465.00000000  0.23338246  -0.22912884  -0.00000001
466.00000000  0.23392041  -0.22963747  -0.00000001
467.00000000  0.23445281  -0.23014106  -0.00000001
468.00000000  0.23497383  -0.23063403  -0.00000002
469.00000000  0.23547681  -0.23110996  -0.00000004
470.00000000  0.23595564  -0.23156285  -0.00000006
471.00000000  0.23640731  -0.23198952  -0.00000009
472.00000000  0.23683295  -0.23239121  -0.00000014
473.00000000  0.23723732  -0.23277274  -0.00000020
474.00000000  0.23762718  -0.23314056  -0.00000029
475.00000000  0.23800993  -0.23350164  -0.00000042
476.00000000  0.23839371  -0.23386346  -0.00000061
477.00000000  0.23878776  -0.23423457  -0.00000087
478.00000000  0.23920073  -0.23462304  -0.00000115
479.00000000  0.23964013  -0.23503613  -0.00000132
480.00000000  0.24010940  -0.23547766  -0.00000123
481.00000000  0.24060574  -0.23594536  -0.00000084
482.00000000  0.24111919  -0.23642963  -0.00000030
483.00000000  0.24163477  -0.23691644  0.00000015
484.00000000  0.24213380  -0.23738800  0.00000035
485.00000000  0.24259639  -0.23782530  0.00000029
486.00000000  0.24300511  -0.23821171  0.00000004
487.00000000  0.24334800  -0.23853596  -0.00000027
488.00000000  0.24362221  -0.23879503  -0.00000056
489.00000000  0.24383400  -0.23899488  -0.00000082
490.00000000  0.24399714  -0.23914854  -0.00000110
491.00000000  0.24413180  -0.23927498  -0.00000149
492.00000000  0.24426225  -0.23939700  -0.00000209
493.00000000  0.24441066  -0.23953590  -0.00000287
494.00000000  0.24458900  -0.23970322  -0.00000332
495.00000000  0.24480055  -0.23990197  -0.00000291
496.00000000  0.24504197  -0.24012893  -0.00000161
497.00000000  0.24530488  -0.24037634  0.00000019
498.00000000  0.24557574  -0.24063158  0.00000196
499.00000000  0.24583416  -0.24087588  0.00000338
500.00000000  0.24605301  -0.24108362  0.00000455
501.00000000  0.24620236  -0.24122605  0.00000591
502.00000000  0.24625760  -0.24127947  0.00000808
503.00000000  0.24625343  -0.24127635  0.00000716
504.00000000  0.24625164  -0.24127530  0.00000423
505.00000000  0.24624699  -0.24127132  0.00000156
506.00000000  0.24623980  -0.24126461  -0.00000022
507.00000000  0.24623087  -0.24125622  -0.00000092
508.00000000  0.24622050  -0.24124651  -0.00000084
509.00000000  0.24620862  -0.24123532  -0.00000044
510.00000000  0.24619538  -0.24122284  0.00000006
511.00000000  0.24618071  -0.24120907  0.00000046
512.00000000  0.24616428  -0.24119368  0.00000063
513.00000000  0.24614598  -0.24117649  0.00000069
514.00000000  0.24612562  -0.24115737  0.00000072
515.00000000  0.24610281  -0.24113593  0.00000077
516.00000000  0.24607718  -0.24111187  0.00000092
517.00000000  0.24604826  -0.24108472  0.00000118
518.00000000  0.24601485  -0.24105370  0.00000154
519.00000000  0.24597499  -0.24101685  0.00000201
520.00000000  0.24592537  -0.24097119  0.00000248
521.00000000  0.24586301  -0.24091351  0.00000280
522.00000000  0.24578609  -0.24084191  0.00000288
523.00000000  0.24569410  -0.24075598  0.00000276
524.00000000  0.24558666  -0.24065559  0.00000254
525.00000000  0.24546267  -0.24053991  0.00000232
526.00000000  0.24532045  -0.24040712  0.00000218
527.00000000  0.24515872  -0.24025580  0.00000210
528.00000000  0.24497692  -0.24008550  0.00000202
529.00000000  0.24477485  -0.23989625  0.00000193
530.00000000  0.24455144  -0.23968703  0.00000182
531.00000000  0.24430569  -0.23945673  0.00000166
532.00000000  0.24403735  -0.23920497  0.00000145
533.00000000  0.24374761  -0.23893294  0.00000120
534.00000000  0.24343766  -0.23864199  0.00000097
535.00000000  0.24310805  -0.23833247  0.00000080
536.00000000  0.24275860  -0.23800421  0.00000068
537.00000000  0.24238996  -0.23765752  0.00000059
538.00000000  0.24200392  -0.23729402  0.00000048
539.00000000  0.24160309  -0.23691657  0.00000034
540.00000000  0.24119021  -0.23652771  0.00000020
541.00000000  0.24076760  -0.23612958  0.00000009
542.00000000  0.24033684  -0.23572369  0.00000003
543.00000000  0.23989926  -0.23531133  0.00000001
544.00000000  0.23945592  -0.23489341  0.00000001
545.00000000  0.23900776  -0.23447092  0.00000002
546.00000000  0.23855600  -0.23404500  0.00000004
547.00000000  0.23810054  -0.23361573  0.00000008
548.00000000  0.23764071  -0.23318225  0.00000011
549.00000000  0.23717511  -0.23274340  0.00000014
550.00000000  0.23670205  -0.23229739  0.00000018
551.00000000  0.23621923  -0.23184206  0.00000022
552.00000000  0.23572448  -0.23137514  0.00000025
553.00000000  0.23521693  -0.23089570  0.00000026
554.00000000  0.23469704  -0.23040442  0.00000024
555.00000000  0.23416576  -0.22990227  0.00000019
556.00000000  0.23362413  -0.22939019  0.00000014
557.00000000  0.23307331  -0.22886930  0.00000009
558.00000000  0.23251420  -0.22834034  0.00000005
559.00000000  0.23194866  -0.22780502  0.00000001
560.00000000  0.23138003  -0.22726628  -0.00000001
561.00000000  0.23081298  -0.22672869  -0.00000002
562.00000000  0.23025233  -0.22619708  -0.00000001
563.00000000  0.22970095  -0.22567445  0.00000002
564.00000000  0.22915715  -0.22515938  0.00000007
565.00000000  0.22861518  -0.22464629  0.00000013
566.00000000  0.22806735  -0.22412765  0.00000019
567.00000000  0.22750564  -0.22359580  0.00000026
568.00000000  0.22692595  -0.22304633  0.00000029
569.00000000  0.22632907  -0.22247998  0.00000026
570.00000000  0.22571793  -0.22189981  0.00000018
571.00000000  0.22509633  -0.22130938  0.00000008
572.00000000  0.22446823  -0.22071245  0.00000001
573.00000000  0.22383742  -0.22011268  -0.00000003
574.00000000  0.22320603  -0.21951227  -0.00000004
575.00000000  0.22257555  -0.21891269  -0.00000003
576.00000000  0.22194678  -0.21831475  -0.00000001
577.00000000  0.22132093  -0.21771938  -0.00000000
578.00000000  0.22069752  -0.21712638  0.00000001
579.00000000  0.22007504  -0.21653405  0.00000001
580.00000000  0.21945180  -0.21594086  0.00000002
581.00000000  0.21882643  -0.21534544  0.00000002
582.00000000  0.21819799  -0.21474694  0.00000002
583.00000000  0.21756549  -0.21414439  0.00000001
584.00000000  0.21692957  -0.21353844  0.00000001
585.00000000  0.21629059  -0.21292937  0.00000002
586.00000000  0.21564840  -0.21231702  0.00000002
587.00000000  0.21500249  -0.21170101  0.00000002
588.00000000  0.21435378  -0.21108215  0.00000001
589.00000000  0.21370393  -0.21046197  -0.00000000
590.00000000  0.21305512  -0.20984262  -0.00000000
591.00000000  0.21240956  -0.20922609  0.00000000
592.00000000  0.21176970  -0.20861465  0.00000001
593.00000000  0.21113870  -0.20801117  0.00000001
594.00000000  0.21052015  -0.20741929  0.00000002
595.00000000  0.20991598  -0.20684119  0.00000004
596.00000000  0.20932399  -0.20627511  0.00000006
597.00000000  0.20873815  -0.20571488  0.00000009
598.00000000  0.20815054  -0.20515275  0.00000014
599.00000000  0.20755404  -0.20458196  0.00000022
600.00000000  0.20694257  -0.20399667  0.00000029
601.00000000  0.20631269  -0.20339365  0.00000032
602.00000000  0.20566429  -0.20277274  0.00000029
603.00000000  0.20499969  -0.20213611  0.00000019
604.00000000  0.20432308  -0.20148781  0.00000007
605.00000000  0.20364028  -0.20083332  -0.00000003
606.00000000  0.20295754  -0.20017874  -0.00000007
607.00000000  0.20228058  -0.19952951  -0.00000007
608.00000000  0.20161426  -0.19889034  -0.00000004
609.00000000  0.20096160  -0.19826403  -0.00000000
610.00000000  0.20032327  -0.19765137  0.00000002
611.00000000  0.19969790  -0.19705096  0.00000002
612.00000000  0.19908194  -0.19645943  0.00000002
613.00000000  0.19847099  -0.19587252  0.00000000
614.00000000  0.19786124  -0.19528645  -0.00000000
615.00000000  0.19725037  -0.19469903  -0.00000001
616.00000000  0.19663809  -0.19410995  -0.00000000
617.00000000  0.19602618  -0.19352110  -0.00000000
618.00000000  0.19541782  -0.19293562  0.00000000
619.00000000  0.19481575  -0.19235633  0.00000000
620.00000000  0.19422181  -0.19178484  0.00000000
621.00000000  0.19363642  -0.19122142  0.00000000
622.00000000  0.19305947  -0.19066605  0.00000000
623.00000000  0.19248974  -0.19011743  0.00000001
624.00000000  0.19192502  -0.18957353  0.00000001
625.00000000  0.19136290  -0.18903205  0.00000002
626.00000000  0.19079989  -0.18848957  0.00000003
627.00000000  0.19023283  -0.18794306  0.00000004
628.00000000  0.18965888  -0.18738976  0.00000006
629.00000000  0.18907660  -0.18682835  0.00000007
630.00000000  0.18848610  -0.18625887  0.00000006
631.00000000  0.18788865  -0.18568254  0.00000004
632.00000000  0.18728648  -0.18510151  0.00000001
633.00000000  0.18668245  -0.18451859  -0.00000001
634.00000000  0.18608059  -0.18393759  -0.00000002
635.00000000  0.18548512  -0.18336266  -0.00000001
636.00000000  0.18489927  -0.18279687  -0.00000001
637.00000000  0.18432470  -0.18224180  0.00000000
638.00000000  0.18376192  -0.18169788  0.00000000
639.00000000  0.18321091  -0.18116499  0.00000000
640.00000000  0.18267110  -0.18064274  0.00000000
641.00000000  0.18214130  -0.18013006  0.00000000
642.00000000  0.18161957  -0.17962530  -0.00000000
643.00000000  0.18110263  -0.17912541  -0.00000000
644.00000000  0.18058747  -0.17862709  -0.00000000
645.00000000  0.18007296  -0.17812929  -0.00000000
646.00000000  0.17955962  -0.17763253  0.00000000
647.00000000  0.17904904  -0.17713833  0.00000000
648.00000000  0.17854396  -0.17664938  0.00000000
649.00000000  0.17804691  -0.17616811  0.00000000
650.00000000  0.17755869  -0.17569530  0.00000000
651.00000000  0.17707881  -0.17523052  0.00000000
652.00000000  0.17660563  -0.17477208  0.00000000
653.00000000  0.17613608  -0.17431717  0.00000001
654.00000000  0.17566681  -0.17386240  0.00000001
655.00000000  0.17519471  -0.17340483  0.00000002
656.00000000  0.17471789  -0.17294256  0.00000002
657.00000000  0.17423582  -0.17247516  0.00000002
658.00000000  0.17374977  -0.17200382  0.00000001
659.00000000  0.17326254  -0.17153123  0.00000000
660.00000000  0.17277817  -0.17106137  -0.00000001
661.00000000  0.17230105  -0.17059842  -0.00000001
662.00000000  0.17183444  -0.17014560  -0.00000000
663.00000000  0.17138080  -0.16970533  -0.00000000
664.00000000  0.17094131  -0.16927868  0.00000000
665.00000000  0.17051578  -0.16886555  0.00000000
666.00000000  0.17010318  -0.16846488  0.00000000
667.00000000  0.16970155  -0.16807485  0.00000000
668.00000000  0.16930854  -0.16769309  -0.00000000
669.00000000  0.16892141  -0.16731696  -0.00000000
670.00000000  0.16853763  -0.16694394  -0.00000000
671.00000000  0.16815507  -0.16657209  0.00000000
672.00000000  0.16777293  -0.16620049  0.00000000
673.00000000  0.16739176  -0.16582972  0.00000000
674.00000000  0.16701357  -0.16546179  0.00000000
675.00000000  0.16664077  -0.16509917  0.00000000
676.00000000  0.16627666  -0.16474502  -0.00000000
677.00000000  0.16592434  -0.16440244  -0.00000000
678.00000000  0.16558695  -0.16407430  -0.00000000
679.00000000  0.16526559  -0.16376173  0.00000000
680.00000000  0.16496031  -0.16346478  0.00000000
681.00000000  0.16466936  -0.16318172  0.00000000
682.00000000  0.16439009  -0.16291001  0.00000000
683.00000000  0.16411889  -0.16264611  0.00000000
684.00000000  0.16385201  -0.16238642  0.00000000
685.00000000  0.16358586  -0.16212741  0.00000001
686.00000000  0.16331790  -0.16186659  0.00000001
687.00000000  0.16304651  -0.16160244  0.00000001
688.00000000  0.16277190  -0.16133508  0.00000001
689.00000000  0.16249575  -0.16106625  0.00000000
690.00000000  0.16222094  -0.16079868  -0.00000000
691.00000000  0.16195086  -0.16053569  -0.00000000
692.00000000  0.16168904  -0.16028073  -0.00000000
693.00000000  0.16143861  -0.16003685  -0.00000000
694.00000000  0.16120236  -0.15980673  -0.00000000
695.00000000  0.16098194  -0.15959203  0.00000000
696.00000000  0.16077827  -0.15939362  0.00000000
697.00000000  0.16059056  -0.15921076  0.00000000
698.00000000  0.16041689  -0.15904157  0.00000000
699.00000000  0.16025467  -0.15888351  -0.00000000
700.00000000  0.16010118  -0.15873395  -0.00000000
701.00000000  0.15995365  -0.15859021  -0.00000000
702.00000000  0.15981010  -0.15845031  -0.00000000
703.00000000  0.15966928  -0.15831308  -0.00000000
704.00000000  0.15953138  -0.15817870  -0.00000000
705.00000000  0.15939772  -0.15804845  -0.00000000
706.00000000  0.15927069  -0.15792462  -0.00000000
707.00000000  0.15915263  -0.15780956  -0.00000000
708.00000000  0.15904607  -0.15770568  -0.00000001
709.00000000  0.15895334  -0.15761532  -0.00000002
710.00000000  0.15887558  -0.15753952  -0.00000004
711.00000000  0.15881346  -0.15747894  -0.00000008
712.00000000  0.15876712  -0.15743372  -0.00000016
713.00000000  0.15873635  -0.15740371  -0.00000034
714.00000000  0.15872167  -0.15738927  -0.00000068
715.00000000  0.15872167  -0.15738901  -0.00000107
716.00000000  0.15872255  -0.15738964  -0.00000087
717.00000000  0.15872471  -0.15739153  -0.00000068
718.00000000  0.15872882  -0.15739539  -0.00000056
719.00000000  0.15873550  -0.15740177  -0.00000049
720.00000000  0.15874536  -0.15741126  -0.00000045
721.00000000  0.15875883  -0.15742433  -0.00000042
722.00000000  0.15877609  -0.15744117  -0.00000038
723.00000000  0.15879728  -0.15746184  -0.00000036
724.00000000  0.15882282  -0.15748674  -0.00000035
725.00000000  0.15885325  -0.15751638  -0.00000035
726.00000000  0.15888883  -0.15755108  -0.00000037
727.00000000  0.15893017  -0.15759136  -0.00000037
728.00000000  0.15897763  -0.15763763  -0.00000037
729.00000000  0.15903167  -0.15769030  -0.00000037
730.00000000  0.15909266  -0.15774976  -0.00000037
731.00000000  0.15916112  -0.15781647  -0.00000037
732.00000000  0.15923741  -0.15789083  -0.00000037
733.00000000  0.15932192  -0.15797319  -0.00000036
734.00000000  0.15941498  -0.15806387  -0.00000035
735.00000000  0.15951701  -0.15816329  -0.00000034
736.00000000  0.15962809  -0.15827157  -0.00000034
737.00000000  0.15974861  -0.15838900  -0.00000032
738.00000000  0.15987869  -0.15851577  -0.00000031
739.00000000  0.16001858  -0.15865207  -0.00000030
740.00000000  0.16016844  -0.15879808  -0.00000028
741.00000000  0.16032822  -0.15895377  -0.00000026
742.00000000  0.16049799  -0.15911916  -0.00000025
743.00000000  0.16067769  -0.15929420  -0.00000023
744.00000000  0.16086724  -0.15947887  -0.00000021
745.00000000  0.16106643  -0.15967290  -0.00000020
746.00000000  0.16127522  -0.15987627  -0.00000018
747.00000000  0.16149338  -0.16008872  -0.00000017
748.00000000  0.16172066  -0.16031009  -0.00000015
749.00000000  0.16195683  -0.16054007  -0.00000014
750.00000000  0.16220167  -0.16077848  -0.00000012
751.00000000  0.16245486  -0.16102499  -0.00000011
752.00000000  0.16271618  -0.16127938  -0.00000011
753.00000000  0.16298541  -0.16154149  -0.00000010
754.00000000  0.16326228  -0.16181098  -0.00000009
755.00000000  0.16354647  -0.16208757  -0.00000008
756.00000000  0.16383791  -0.16237120  -0.00000008
757.00000000  0.16413635  -0.16266164  -0.00000007
758.00000000  0.16444166  -0.16295870  -0.00000007
759.00000000  0.16475387  -0.16326241  -0.00000007
760.00000000  0.16507283  -0.16357270  -0.00000006
761.00000000  0.16539836  -0.16388935  -0.00000006
762.00000000  0.16573039  -0.16421226  -0.00000006
763.00000000  0.16606885  -0.16454138  -0.00000007
764.00000000  0.16641399  -0.16487689  -0.00000008
765.00000000  0.16676636  -0.16521929  -0.00000009
766.00000000  0.16712655  -0.16556920  -0.00000011
767.00000000  0.16749592  -0.16592786  -0.00000014
768.00000000  0.16787620  -0.16629708  -0.00000016
769.00000000  0.16826840  -0.16667795  -0.00000017
770.00000000  0.16867246  -0.16707051  -0.00000016
771.00000000  0.16908765  -0.16747388  -0.00000014
772.00000000  0.16951327  -0.16788730  -0.00000010
773.00000000  0.16994777  -0.16830926  -0.00000006
774.00000000  0.17038983  -0.16873848  -0.00000004
775.00000000  0.17083846  -0.16917405  -0.00000002
776.00000000  0.17129275  -0.16961503  -0.00000002
777.00000000  0.17175187  -0.17006063  -0.00000001
778.00000000  0.17221531  -0.17051035  -0.00000001
779.00000000  0.17268264  -0.17096376  -0.00000001
780.00000000  0.17315350  -0.17142053  -0.00000001
781.00000000  0.17362791  -0.17188066  -0.00000001
782.00000000  0.17410585  -0.17234413  -0.00000002
783.00000000  0.17458735  -0.17281099  -0.00000002
784.00000000  0.17507280  -0.17328157  -0.00000002
785.00000000  0.17556244  -0.17375617  -0.00000002
786.00000000  0.17605659  -0.17423502  -0.00000003
787.00000000  0.17655548  -0.17471838  -0.00000003
788.00000000  0.17705958  -0.17520672  -0.00000004
789.00000000  0.17756940  -0.17570049  -0.00000004
790.00000000  0.17808525  -0.17620000  -0.00000005
791.00000000  0.17860712  -0.17670523  -0.00000005
792.00000000  0.17913523  -0.17721623  -0.00000006
793.00000000  0.17967045  -0.17773390  -0.00000007
794.00000000  0.18021423  -0.17825967  -0.00000009
795.00000000  0.18076822  -0.17879516  -0.00000011
796.00000000  0.18133357  -0.17934161  -0.00000012
797.00000000  0.18191062  -0.17989948  -0.00000011
798.00000000  0.18249795  -0.18046734  -0.00000009
799.00000000  0.18309386  -0.18104330  -0.00000005
800.00000000  0.18369627  -0.18162540  -0.00000002
801.00000000  0.18430345  -0.18221202  0.00000000
802.00000000  0.18491374  -0.18280146  0.00000001
803.00000000  0.18552557  -0.18339226  0.00000001
804.00000000  0.18613778  -0.18398330  0.00000001
805.00000000  0.18674952  -0.18457375  0.00000000
806.00000000  0.18736081  -0.18516360  -0.00000000
807.00000000  0.18797161  -0.18575287  -0.00000001
808.00000000  0.18858221  -0.18634179  -0.00000001
809.00000000  0.18919285  -0.18693061  -0.00000001
810.00000000  0.18980384  -0.18751962  -0.00000001
811.00000000  0.19041637  -0.18810993  -0.00000002
812.00000000  0.19103135  -0.18870245  -0.00000003
813.00000000  0.19165042  -0.18929856  -0.00000006
814.00000000  0.19227642  -0.18990088  -0.00000008
815.00000000  0.19291243  -0.19051269  -0.00000011
816.00000000  0.19356069  -0.19113624  -0.00000013
817.00000000  0.19422166  -0.19177224  -0.00000012
818.00000000  0.19489351  -0.19241863  -0.00000009
819.00000000  0.19557366  -0.19307280  -0.00000005
820.00000000  0.19625944  -0.19373222  -0.00000001
821.00000000  0.19694822  -0.19439431  0.00000002
822.00000000  0.19763739  -0.19505662  0.00000002
823.00000000  0.19832493  -0.19571714  0.00000002
824.00000000  0.19900939  -0.19637454  0.00000001
825.00000000  0.19968982  -0.19702788  -0.00000000
826.00000000  0.20036556  -0.19767651  -0.00000001
827.00000000  0.20103648  -0.19832034  -0.00000001
828.00000000  0.20170338  -0.19896013  -0.00000001
829.00000000  0.20236742  -0.19959684  -0.00000002
830.00000000  0.20303127  -0.20023289  -0.00000003
831.00000000  0.20369884  -0.20087214  -0.00000004
832.00000000  0.20437382  -0.20151840  -0.00000007
833.00000000  0.20505890  -0.20217434  -0.00000008
834.00000000  0.20575438  -0.20284039  -0.00000008
835.00000000  0.20645814  -0.20351419  -0.00000005
836.00000000  0.20716673  -0.20419239  -0.00000002
837.00000000  0.20787682  -0.20487183  0.00000001
838.00000000  0.20858513  -0.20554934  0.00000002
839.00000000  0.20928919  -0.20622262  0.00000002
840.00000000  0.20998719  -0.20688984  0.00000001
841.00000000  0.21067739  -0.20754944  0.00000000
842.00000000  0.21135843  -0.20820010  -0.00000001
843.00000000  0.21203023  -0.20884173  -0.00000001
844.00000000  0.21269354  -0.20947503  -0.00000001
845.00000000  0.21334940  -0.21010107  -0.00000001
846.00000000  0.21399927  -0.21072115  -0.00000002
847.00000000  0.21464555  -0.21133749  -0.00000003
848.00000000  0.21529192  -0.21195343  -0.00000005
849.00000000  0.21594314  -0.21257362  -0.00000008
850.00000000  0.21660359  -0.21320242  -0.00000011
851.00000000  0.21727665  -0.21384320  -0.00000012
852.00000000  0.21796159  -0.21449564  -0.00000010
853.00000000  0.21865435  -0.21515535  -0.00000005
854.00000000  0.21935017  -0.21581766  -0.00000000
855.00000000  0.22004433  -0.21647823  0.00000003
856.00000000  0.22073208  -0.21713248  0.00000003
857.00000000  0.22141038  -0.21777754  0.00000002
858.00000000  0.22207737  -0.21841164  -0.00000000
859.00000000  0.22273269  -0.21903446  -0.00000002
860.00000000  0.22337739  -0.21964701  -0.00000004
861.00000000  0.22401412  -0.22025180  -0.00000005
862.00000000  0.22464654  -0.22085223  -0.00000006
863.00000000  0.22527862  -0.22145197  -0.00000008
864.00000000  0.22591567  -0.22205581  -0.00000012
865.00000000  0.22656327  -0.22266927  -0.00000016
866.00000000  0.22722526  -0.22329636  -0.00000017
867.00000000  0.22790079  -0.22393663  -0.00000014
868.00000000  0.22858392  -0.22458445  -0.00000006
869.00000000  0.22926417  -0.22522971  0.00000001
870.00000000  0.22992812  -0.22585952  0.00000005
871.00000000  0.23056380  -0.22646214  0.00000004
872.00000000  0.23116356  -0.22703010  0.00000001
873.00000000  0.23172766  -0.22756375  -0.00000003
874.00000000  0.23226081  -0.22806808  -0.00000007
875.00000000  0.23276949  -0.22854926  -0.00000010
876.00000000  0.23326215  -0.22901520  -0.00000014
877.00000000  0.23374818  -0.22947469  -0.00000018
878.00000000  0.23423655  -0.22993617  -0.00000026
879.00000000  0.23473507  -0.23040704  -0.00000037
880.00000000  0.23524916  -0.23089258  -0.00000048
881.00000000  0.23578161  -0.23139513  -0.00000053
882.00000000  0.23633328  -0.23191541  -0.00000048
883.00000000  0.23690312  -0.23245282  -0.00000034
884.00000000  0.23748583  -0.23300278  -0.00000014
885.00000000  0.23807147  -0.23355587  0.00000004
886.00000000  0.23864447  -0.23409741  0.00000015
887.00000000  0.23918587  -0.23460928  0.00000015
888.00000000  0.23968002  -0.23507646  0.00000008
889.00000000  0.24011822  -0.23549037  -0.00000002
890.00000000  0.24050130  -0.23585184  -0.00000011
891.00000000  0.24083868  -0.23616983  -0.00000018
892.00000000  0.24114615  -0.23645921  -0.00000026
893.00000000  0.24144262  -0.23673794  -0.00000036
894.00000000  0.24174649  -0.23702340  -0.00000054
895.00000000  0.24207057  -0.23732801  -0.00000073
896.00000000  0.24241902  -0.23765582  -0.00000077
897.00000000  0.24278998  -0.23800503  -0.00000060
898.00000000  0.24317703  -0.23836981  -0.00000027
899.00000000  0.24356961  -0.23874018  0.00000005
900.00000000  0.24395451  -0.23910344  0.00000021
901.00000000  0.24431962  -0.23944797  0.00000021
902.00000000  0.24465562  -0.23976515  0.00000011
903.00000000  0.24495630  -0.24004902  0.00000002
904.00000000  0.24521808  -0.24029620  -0.00000002
905.00000000  0.24543880  -0.24050486  -0.00000001
906.00000000  0.24561943  -0.24067566  0.00000003
907.00000000  0.24576308  -0.24081153  0.00000009
908.00000000  0.24587481  -0.24091725  0.00000014
909.00000000  0.24596226  -0.24100007  0.00000020
910.00000000  0.24603216  -0.24106617  0.00000028
911.00000000  0.24608929  -0.24111998  0.00000040
912.00000000  0.24613817  -0.24116583  0.00000056
913.00000000  0.24618189  -0.24120694  0.00000079
914.00000000  0.24622057  -0.24124347  0.00000113
915.00000000  0.24625109  -0.24127266  0.00000161
916.00000000  0.24626735  -0.24128874  0.00000224
917.00000000  0.24626666  -0.24128877  0.00000270
918.00000000  0.24626432  -0.24128716  0.00000233
919.00000000  0.24625883  -0.24128234  0.00000182
920.00000000  0.24624962  -0.24127385  0.00000133
921.00000000  0.24623664  -0.24126163  0.00000097
922.00000000  0.24621995  -0.24124594  0.00000080
923.00000000  0.24619934  -0.24122661  0.00000083
924.00000000  0.24617459  -0.24120335  0.00000099
925.00000000  0.24614549  -0.24117610  0.00000126
926.00000000  0.24611117  -0.24114420  0.00000162
927.00000000  0.24606967  -0.24110588  0.00000204
928.00000000  0.24601787  -0.24105819  0.00000243
929.00000000  0.24595320  -0.24099830  0.00000267
930.00000000  0.24587430  -0.24092475  0.00000268
931.00000000  0.24578072  -0.24083722  0.00000252
932.00000000  0.24567236  -0.24073589  0.00000229
933.00000000  0.24554841  -0.24062017  0.00000209
934.00000000  0.24540722  -0.24048834  0.00000198
935.00000000  0.24524696  -0.24033850  0.00000189
936.00000000  0.24506703  -0.24016993  0.00000180
937.00000000  0.24486776  -0.23998314  0.00000166
938.00000000  0.24464899  -0.23977821  0.00000150
939.00000000  0.24440983  -0.23955405  0.00000131
940.00000000  0.24415024  -0.23931038  0.00000108
941.00000000  0.24387103  -0.23904797  0.00000080
942.00000000  0.24357545  -0.23876984  0.00000049
943.00000000  0.24326694  -0.23847957  0.00000021
944.00000000  0.24294861  -0.23818007  0.00000002
945.00000000  0.24262324  -0.23787396  -0.00000007
946.00000000  0.24229302  -0.23756337  -0.00000008
947.00000000  0.24195950  -0.23724979  -0.00000002
948.00000000  0.24162230  -0.23693295  0.00000007
949.00000000  0.24128036  -0.23661153  0.00000017
950.00000000  0.24093229  -0.23628420  0.00000026
951.00000000  0.24057601  -0.23594889  0.00000034
952.00000000  0.24020915  -0.23560341  0.00000038
953.00000000  0.23983143  -0.23524733  0.00000039
954.00000000  0.23944269  -0.23488088  0.00000038
955.00000000  0.23904227  -0.23450336  0.00000035
956.00000000  0.23862991  -0.23411444  0.00000030
957.00000000  0.23820609  -0.23371467  0.00000023
958.00000000  0.23777112  -0.23330429  0.00000016
959.00000000  0.23732597  -0.23288421  0.00000007
960.00000000  0.23687270  -0.23245636  0.00000001
961.00000000  0.23641379  -0.23202311  -0.00000003
962.00000000  0.23595095  -0.23158601  -0.00000003
963.00000000  0.23548627  -0.23114710  -0.00000002
964.00000000  0.23502137  -0.23070788  0.00000000
965.00000000  0.23455724  -0.23026928  0.00000003
966.00000000  0.23409380  -0.22983123  0.00000005
967.00000000  0.23363033  -0.22939306  0.00000006
968.00000000  0.23316520  -0.22895323  0.00000007
969.00000000  0.23269635  -0.22850975  0.00000009
970.00000000  0.23222160  -0.22806060  0.00000011
971.00000000  0.23173931  -0.22760423  0.00000013
972.00000000  0.23124808  -0.22713925  0.00000014
973.00000000  0.23074737  -0.22666521  0.00000012
974.00000000  0.23023768  -0.22618252  0.00000009
975.00000000  0.22972029  -0.22569247  0.00000005
976.00000000  0.22919707  -0.22519672  0.00000001
977.00000000  0.22867000  -0.22469722  -0.00000002
978.00000000  0.22814117  -0.22419593  -0.00000002
979.00000000  0.22761223  -0.22369440  -0.00000001
980.00000000  0.22708410  -0.22319348  0.00000000
981.00000000  0.22655672  -0.22269318  0.00000002
982.00000000  0.22602943  -0.22219282  0.00000003
983.00000000  0.22550049  -0.22169079  0.00000004
984.00000000  0.22496802  -0.22118525  0.00000005
985.00000000  0.22443005  -0.22067441  0.00000005
986.00000000  0.22388576  -0.22015740  0.00000005
987.00000000  0.22333489  -0.21963404  0.00000004
988.00000000  0.22277813  -0.21910490  0.00000003
989.00000000  0.22221693  -0.21857139  0.00000001
990.00000000  0.22165267  -0.21803491  -0.00000000
991.00000000  0.22108702  -0.21749687  -0.00000001
992.00000000  0.22052109  -0.21695849  -0.00000000
993.00000000  0.21995501  -0.21641983  0.00000000
994.00000000  0.21938829  -0.21588038  0.00000001
995.00000000  0.21882015  -0.21533944  0.00000002
996.00000000  0.21824971  -0.21479605  0.00000001
997.00000000  0.21767706  -0.21425025  0.00000001
998.00000000  0.21710432  -0.21370393  0.00000000
999.00000000  0.21653518  -0.21316078  0.00000000
1000.00000000  0.21597385  -0.21262507  0.00000000
1001.00000000  0.21542309  -0.21209958  0.00000001
1002.00000000  0.21488133  -0.21158291  0.00000002
1003.00000000  0.21434531  -0.21107151  0.00000004
1004.00000000  0.21381035  -0.21056104  0.00000006
1005.00000000  0.21327138  -0.21004662  0.00000009
1006.00000000  0.21272413  -0.20952415  0.00000012
1007.00000000  0.21216555  -0.20899072  0.00000013
1008.00000000  0.21159533  -0.20844607  0.00000011
1009.00000000  0.21101540  -0.20789199  0.00000006
1010.00000000  0.21042912  -0.20733167  0.00000001
1011.00000000  0.20984024  -0.20676877  -0.00000002
1012.00000000  0.20925239  -0.20620666  -0.00000003
1013.00000000  0.20866807  -0.20564780  -0.00000002
1014.00000000  0.20808844  -0.20509329  -0.00000001
1015.00000000  0.20751333  -0.20454299  0.00000001
1016.00000000  0.20694165  -0.20399579  0.00000001
1017.00000000  0.20637161  -0.20345005  0.00000001
1018.00000000  0.20580126  -0.20290388  0.00000001
1019.00000000  0.20522895  -0.20235571  0.00000000
1020.00000000  0.20465395  -0.20180480  0.00000000
1021.00000000  0.20407626  -0.20125119  0.00000000
1022.00000000  0.20349607  -0.20069504  0.00000001
1023.00000000  0.20291375  -0.20013672  0.00000001
1024.00000000  0.20232961  -0.19957650  0.00000001
1025.00000000  0.20174442  -0.19901498  0.00000000
1026.00000000  0.20115954  -0.19845352  0.00000000
1027.00000000  0.20057751  -0.19789450  -0.00000000
1028.00000000  0.20000234  -0.19734176  -0.00000000
1029.00000000  0.19943778  -0.19679914  -0.00000000
1030.00000000  0.19888555  -0.19626859  0.00000000
1031.00000000  0.19834386  -0.19574828  0.00000000
1032.00000000  0.19780917  -0.19523457  0.00000001
1033.00000000  0.19727726  -0.19472340  0.00000001
1034.00000000  0.19674373  -0.19421053  0.00000002
1035.00000000  0.19620535  -0.19369289  0.00000003
1036.00000000  0.19566056  -0.19316901  0.00000003
1037.00000000  0.19510987  -0.19263932  0.00000002
1038.00000000  0.19455506  -0.19210552  0.00000001
1039.00000000  0.19399875  -0.19157018  -0.00000000
1040.00000000  0.19344358  -0.19103581  -0.00000001
1041.00000000  0.19289131  -0.19050410  -0.00000000
1042.00000000  0.19234340  -0.18997650  -0.00000000
1043.00000000  0.19180080  -0.18945390  -0.00000000
1044.00000000  0.19126424  -0.18893696  0.00000000
1045.00000000  0.19073358  -0.18842566  0.00000000
1046.00000000  0.19020766  -0.18791877  0.00000000
1047.00000000  0.18968469  -0.18741466  0.00000000
1048.00000000  0.18916263  -0.18691127  0.00000000
1049.00000000  0.18863937  -0.18640670  0.00000001
1050.00000000  0.18811312  -0.18589909  0.00000001
1051.00000000  0.18758285  -0.18538749  0.00000001
1052.00000000  0.18704861  -0.18487196  0.00000001
1053.00000000  0.18651100  -0.18435302  0.00000001
1054.00000000  0.18597138  -0.18383199  0.00000000
1055.00000000  0.18543181  -0.18331078  0.00000000
1056.00000000  0.18489502  -0.18279204  -0.00000000
1057.00000000  0.18436459  -0.18227923  -0.00000000
1058.00000000  0.18384434  -0.18177618  -0.00000000
1059.00000000  0.18333744  -0.18128608  -0.00000000
1060.00000000  0.18284453  -0.18080968  0.00000000
1061.00000000  0.18236436  -0.18034551  0.00000000
1062.00000000  0.18189436  -0.17989108  0.00000000
1063.00000000  0.18143044  -0.17944244  0.00000001
1064.00000000  0.18096846  -0.17899561  0.00000001
1065.00000000  0.18050474  -0.17854704  0.00000002
1066.00000000  0.18003680  -0.17809428  0.00000003
1067.00000000  0.17956287  -0.17763564  0.00000004
1068.00000000  0.17908251  -0.17717072  0.00000003
1069.00000000  0.17859685  -0.17670059  0.00000002
1070.00000000  0.17810798  -0.17622726  0.00000001
1071.00000000  0.17761895  -0.17575368  -0.00000001
1072.00000000  0.17713320  -0.17528321  -0.00000001
1073.00000000  0.17665407  -0.17481907  -0.00000001
1074.00000000  0.17618367  -0.17436327  -0.00000000
1075.00000000  0.17572342  -0.17391726  0.00000000
1076.00000000  0.17527369  -0.17348136  0.00000000
1077.00000000  0.17483410  -0.17305525  0.00000000
1078.00000000  0.17440334  -0.17263761  0.00000000
1079.00000000  0.17397958  -0.17222667  -0.00000000
1080.00000000  0.17356047  -0.17182021  -0.00000000
1081.00000000  0.17314337  -0.17141566  0.00000000
1082.00000000  0.17272592  -0.17101064  0.00000000
1083.00000000  0.17230694  -0.17060414  0.00000000
1084.00000000  0.17188661  -0.17019622  0.00000000
1085.00000000  0.17146584  -0.16978785  0.00000000
1086.00000000  0.17104644  -0.16938074  0.00000000
1087.00000000  0.17063051  -0.16897695  -0.00000000
1088.00000000  0.17022024  -0.16857857  -0.00000000
1089.00000000  0.16981737  -0.16818722  -0.00000000
1090.00000000  0.16942383  -0.16780476  -0.00000000
1091.00000000  0.16904107  -0.16743262  0.00000000
1092.00000000  0.16867001  -0.16707176  0.00000000
1093.00000000  0.16831034  -0.16672198  0.00000000
1094.00000000  0.16796118  -0.16638252  -0.00000000
1095.00000000  0.16762061  -0.16605152  0.00000000
1096.00000000  0.16728584  -0.16572617  -0.00000000
1097.00000000  0.16695425  -0.16540383  -0.00000000
1098.00000000  0.16662510  -0.16508381  -0.00000000
1099.00000000  0.16629837  -0.16476615  0.00000000
1100.00000000  0.16597477  -0.16445147  0.00000000
1101.00000000  0.16565502  -0.16414049  0.00000000
1102.00000000  0.16533993  -0.16383405  -0.00000000
1103.00000000  0.16502985  -0.16353242  -0.00000000
1104.00000000  0.16472499  -0.16323584  0.00000000
1105.00000000  0.16442503  -0.16294399  -0.00000000
1106.00000000  0.16412979  -0.16265674  -0.00000000
1107.00000000  0.16383924  -0.16237397  -0.00000000
1108.00000000  0.16355400  -0.16209638  0.00000000
1109.00000000  0.16327512  -0.16182496  0.00000000
1110.00000000  0.16300395  -0.16156100  0.00000000
1111.00000000  0.16274175  -0.16130574  0.00000000
1112.00000000  0.16248909  -0.16105977  -0.00000000
1113.00000000  0.16224627  -0.16082333  -0.00000000
1114.00000000  0.16201283  -0.16059604  -0.00000000
1115.00000000  0.16178790  -0.16037701  0.00000000
1116.00000000  0.16157000  -0.16016479  0.00000000
1117.00000000  0.16135778  -0.15995809  0.00000000
1118.00000000  0.16115016  -0.15975587  -0.00000000
1119.00000000  0.16094664  -0.15955763  -0.00000000
1120.00000000  0.16074753  -0.15936369  -0.00000000
1121.00000000  0.16055384  -0.15917498  -0.00000000
1122.00000000  0.16036718  -0.15899314  -0.00000000
1123.00000000  0.16018926  -0.15881978  -0.00000000
1124.00000000  0.16002116  -0.15865597  -0.00000000
1125.00000000  0.15986352  -0.15850237  -0.00000000
1126.00000000  0.15971634  -0.15835896  -0.00000000
1127.00000000  0.15957898  -0.15822507  -0.00000000
1128.00000000  0.15945032  -0.15809971  -0.00000000
1129.00000000  0.15932915  -0.15798159  -0.00000000
1130.00000000  0.15921459  -0.15786995  -0.00000000
1131.00000000  0.15910631  -0.15776442  -0.00000000
1132.00000000  0.15900478  -0.15766546  -0.00000000
1133.00000000  0.15891129  -0.15757433  -0.00000001
1134.00000000  0.15882762  -0.15749276  -0.00000002
1135.00000000  0.15875554  -0.15742250  -0.00000004
1136.00000000  0.15869667  -0.15736507  -0.00000008
1137.00000000  0.15865202  -0.15732153  -0.00000017
1138.00000000  0.15862267  -0.15729277  -0.00000036
1139.00000000  0.15860927  -0.15727957  -0.00000073
1140.00000000  0.15860991  -0.15727997  -0.00000108
1141.00000000  0.15861082  -0.15728065  -0.00000090
1142.00000000  0.15861347  -0.15728302  -0.00000072
1143.00000000  0.15861844  -0.15728772  -0.00000061
1144.00000000  0.15862638  -0.15729533  -0.00000055
1145.00000000  0.15863772  -0.15730633  -0.00000052
1146.00000000  0.15865302  -0.15732121  -0.00000051
1147.00000000  0.15867284  -0.15734054  -0.00000049
1148.00000000  0.15869762  -0.15736471  -0.00000047
1149.00000000  0.15872787  -0.15739416  -0.00000045
1150.00000000  0.15876402  -0.15742940  -0.00000045
1151.00000000  0.15880649  -0.15747082  -0.00000046
1152.00000000  0.15885603  -0.15751910  -0.00000047
1153.00000000  0.15891314  -0.15757476  -0.00000047
1154.00000000  0.15897834  -0.15763831  -0.00000047
1155.00000000  0.15905216  -0.15771027  -0.00000046
1156.00000000  0.15913504  -0.15779106  -0.00000044
1157.00000000  0.15922734  -0.15788102  -0.00000043
1158.00000000  0.15932944  -0.15798052  -0.00000043
1159.00000000  0.15944183  -0.15809004  -0.00000041
1160.00000000  0.15956473  -0.15820982  -0.00000038
1161.00000000  0.15969817  -0.15833986  -0.00000036
1162.00000000  0.15984248  -0.15848047  -0.00000034
1163.00000000  0.15999752  -0.15863156  -0.00000031
1164.00000000  0.16016328  -0.15879305  -0.00000029
1165.00000000  0.16033964  -0.15896490  -0.00000026
1166.00000000  0.16052650  -0.15914693  -0.00000023
1167.00000000  0.16072340  -0.15933874  -0.00000021
1168.00000000  0.16093022  -0.15954022  -0.00000019
1169.00000000  0.16114654  -0.15975092  -0.00000017
1170.00000000  0.16137210  -0.15997064  -0.00000015
1171.00000000  0.16160668  -0.16019909  -0.00000014
1172.00000000  0.16185001  -0.16043603  -0.00000013
1173.00000000  0.16210191  -0.16068135  -0.00000013
1174.00000000  0.16236228  -0.16093485  -0.00000012
1175.00000000  0.16263106  -0.16119651  -0.00000012
1176.00000000  0.16290826  -0.16146636  -0.00000012
1177.00000000  0.16319393  -0.16174448  -0.00000012
1178.00000000  0.16348809  -0.16203077  -0.00000012
1179.00000000  0.16379103  -0.16232558  -0.00000011
1180.00000000  0.16410270  -0.16262889  -0.00000011
1181.00000000  0.16442299  -0.16294050  -0.00000011
1182.00000000  0.16475171  -0.16326034  -0.00000010
1183.00000000  0.16508892  -0.16358836  -0.00000010
1184.00000000  0.16543455  -0.16392452  -0.00000010
1185.00000000  0.16578861  -0.16426873  -0.00000011
1186.00000000  0.16615161  -0.16462147  -0.00000012
1187.00000000  0.16652435  -0.16498362  -0.00000014
1188.00000000  0.16690786  -0.16535614  -0.00000016
1189.00000000  0.16730314  -0.16574010  -0.00000017
1190.00000000  0.16771100  -0.16613631  -0.00000017
1191.00000000  0.16813131  -0.16654472  -0.00000015
1192.00000000  0.16856258  -0.16696377  -0.00000011
1193.00000000  0.16900307  -0.16739172  -0.00000008
1194.00000000  0.16945180  -0.16782758  -0.00000005
1195.00000000  0.16990770  -0.16827033  -0.00000003
1196.00000000  0.17036995  -0.16871920  -0.00000002
1197.00000000  0.17083773  -0.16917334  -0.00000002
1198.00000000  0.17131066  -0.16963241  -0.00000003
1199.00000000  0.17178914  -0.17009678  -0.00000004
1200.00000000  0.17227364  -0.17056693  -0.00000005
1201.00000000  0.17276470  -0.17104337  -0.00000006
1202.00000000  0.17326321  -0.17152694  -0.00000007
1203.00000000  0.17377011  -0.17201857  -0.00000008
1204.00000000  0.17428595  -0.17251876  -0.00000008
1205.00000000  0.17481066  -0.17302747  -0.00000008
1206.00000000  0.17534433  -0.17354476  -0.00000008
1207.00000000  0.17588669  -0.17407037  -0.00000007
1208.00000000  0.17643742  -0.17460398  -0.00000006
1209.00000000  0.17699580  -0.17514479  -0.00000006
1210.00000000  0.17756176  -0.17569263  -0.00000006
1211.00000000  0.17813578  -0.17624813  -0.00000007
1212.00000000  0.17871918  -0.17681247  -0.00000009
1213.00000000  0.17931291  -0.17738685  -0.00000010
1214.00000000  0.17991769  -0.17797193  -0.00000011
1215.00000000  0.18053378  -0.17856798  -0.00000009
1216.00000000  0.18115929  -0.17917299  -0.00000007
1217.00000000  0.18179233  -0.17978515  -0.00000004
1218.00000000  0.18243164  -0.18040322  -0.00000002
1219.00000000  0.18307599  -0.18102601  -0.00000000
1220.00000000  0.18372396  -0.18165214  0.00000000
1221.00000000  0.18437478  -0.18228090  -0.00000000
1222.00000000  0.18502814  -0.18291192  -0.00000001
1223.00000000  0.18568425  -0.18354546  -0.00000002
1224.00000000  0.18634330  -0.18418168  -0.00000003
1225.00000000  0.18700586  -0.18482108  -0.00000005
1226.00000000  0.18767364  -0.18546514  -0.00000007
1227.00000000  0.18834883  -0.18611607  -0.00000010
1228.00000000  0.18903448  -0.18677671  -0.00000013
1229.00000000  0.18973355  -0.18745017  -0.00000014
1230.00000000  0.19044723  -0.18813772  -0.00000014
1231.00000000  0.19117428  -0.18883827  -0.00000010
1232.00000000  0.19191073  -0.18954764  -0.00000004
1233.00000000  0.19265264  -0.19026205  -0.00000000
1234.00000000  0.19339697  -0.19097862  0.00000002
1235.00000000  0.19414093  -0.19169459  0.00000002
1236.00000000  0.19488277  -0.19240828  0.00000001
1237.00000000  0.19562225  -0.19311953  -0.00000001
1238.00000000  0.19636042  -0.19382921  -0.00000003
1239.00000000  0.19709931  -0.19453920  -0.00000005
1240.00000000  0.19784255  -0.19525291  -0.00000007
1241.00000000  0.19859444  -0.19597451  -0.00000010
1242.00000000  0.19935873  -0.19670795  -0.00000012
1243.00000000  0.20013662  -0.19745456  -0.00000012
1244.00000000  0.20092644  -0.19821255  -0.00000008
1245.00000000  0.20172426  -0.19897796  -0.00000004
1246.00000000  0.20252578  -0.19974664  0.00000001
1247.00000000  0.20332621  -0.20051405  0.00000003
1248.00000000  0.20412154  -0.20127630  0.00000003
1249.00000000  0.20490944  -0.20203115  0.00000001
1250.00000000  0.20568889  -0.20277762  -0.00000000
1251.00000000  0.20646040  -0.20351608  -0.00000002
1252.00000000  0.20722741  -0.20424969  -0.00000002
1253.00000000  0.20799430  -0.20498288  -0.00000003
1254.00000000  0.20876579  -0.20572013  -0.00000003
1255.00000000  0.20954525  -0.20646496  -0.00000004
1256.00000000  0.21033223  -0.20721720  -0.00000003
1257.00000000  0.21112292  -0.20797266  -0.00000001
1258.00000000  0.21191198  -0.20872633  -0.00000000
1259.00000000  0.21269472  -0.20947368  0.00000000
1260.00000000  0.21346764  -0.21021143  -0.00000001
1261.00000000  0.21422924  -0.21093807  -0.00000002
1262.00000000  0.21498029  -0.21165444  -0.00000004
1263.00000000  0.21572374  -0.21236332  -0.00000007
1264.00000000  0.21646458  -0.21306933  -0.00000010
1265.00000000  0.21720935  -0.21377854  -0.00000015
1266.00000000  0.21796557  -0.21449807  -0.00000022
1267.00000000  0.21873967  -0.21523426  -0.00000026
1268.00000000  0.21953374  -0.21598965  -0.00000024
1269.00000000  0.22034419  -0.21676072  -0.00000015
1270.00000000  0.22116235  -0.21753894  -0.00000003
1271.00000000  0.22197813  -0.21831460  0.00000006
1272.00000000  0.22278239  -0.21907896  0.00000008
1273.00000000  0.22356768  -0.21982501  0.00000006
1274.00000000  0.22432992  -0.22054890  0.00000002
1275.00000000  0.22506802  -0.22124961  -0.00000002
1276.00000000  0.22578360  -0.22192873  -0.00000004
1277.00000000  0.22648019  -0.22258961  -0.00000004
1278.00000000  0.22716263  -0.22323680  -0.00000003
1279.00000000  0.22783525  -0.22387451  -0.00000002
1280.00000000  0.22850165  -0.22450611  -0.00000002
1281.00000000  0.22916511  -0.22513472  -0.00000003
1282.00000000  0.22982834  -0.22576289  -0.00000004
1283.00000000  0.23049350  -0.22639272  -0.00000005
1284.00000000  0.23116265  -0.22702609  -0.00000006
1285.00000000  0.23183656  -0.22766376  -0.00000005
1286.00000000  0.23251399  -0.22830456  -0.00000003
1287.00000000  0.23319107  -0.22894487  -0.00000000
1288.00000000  0.23386078  -0.22957818  0.00000002
1289.00000000  0.23451291  -0.23019519  0.00000003
1290.00000000  0.23513512  -0.23078407  0.00000003
1291.00000000  0.23571791  -0.23133542  0.00000001
1292.00000000  0.23625928  -0.23184694  -0.00000002
1293.00000000  0.23676789  -0.23232697  -0.00000004
1294.00000000  0.23726024  -0.23279132  -0.00000006
1295.00000000  0.23775283  -0.23325597  -0.00000007
1296.00000000  0.23825653  -0.23373108  -0.00000008
1297.00000000  0.23877339  -0.23421854  -0.00000006
1298.00000000  0.23929715  -0.23471260  -0.00000001
1299.00000000  0.23981518  -0.23520170  0.00000002
1300.00000000  0.24031369  -0.23567253  0.00000002
1301.00000000  0.24078232  -0.23611498  0.00000000
1302.00000000  0.24121834  -0.23652615  -0.00000002
1303.00000000  0.24162745  -0.23691168  -0.00000003
1304.00000000  0.24201724  -0.23727913  -0.00000003
1305.00000000  0.24239084  -0.23763154  -0.00000003
1306.00000000  0.24274597  -0.23796654  -0.00000005
1307.00000000  0.24307795  -0.23827939  -0.00000007
1308.00000000  0.24338832  -0.23857154  -0.00000010
1309.00000000  0.24368601  -0.23885171  -0.00000012
1310.00000000  0.24398196  -0.23913054  -0.00000012
1311.00000000  0.24428326  -0.23941468  -0.00000010
1312.00000000  0.24458712  -0.23970155  -0.00000003
1313.00000000  0.24488078  -0.23997873  0.00000005
1314.00000000  0.24514636  -0.24022953  0.00000012
1315.00000000  0.24536805  -0.24043892  0.00000014
1316.00000000  0.24554205  -0.24060303  0.00000013
1317.00000000  0.24567990  -0.24073292  0.00000014
1318.00000000  0.24579939  -0.24084571  0.00000023
1319.00000000  0.24591577  -0.24095562  0.00000043
1320.00000000  0.24603593  -0.24106909  0.00000074
1321.00000000  0.24615431  -0.24118103  0.00000118
1322.00000000  0.24625878  -0.24127972  0.00000179
1323.00000000  0.24633454  -0.24135154  0.00000265
1324.00000000  0.24636637  -0.24138238  0.00000409
1325.00000000  0.24636652  -0.24138319  0.00000417
1326.00000000  0.24636517  -0.24138242  0.00000308
1327.00000000  0.24636166  -0.24137938  0.00000205
1328.00000000  0.24635567  -0.24137406  0.00000144
1329.00000000  0.24634674  -0.24136604  0.00000131
1330.00000000  0.24633387  -0.24135438  0.00000148
1331.00000000  0.24631628  -0.24133830  0.00000176
1332.00000000  0.24629296  -0.24131685  0.00000207
1333.00000000  0.24626279  -0.24128893  0.00000232
1334.00000000  0.24622469  -0.24125350  0.00000249
1335.00000000  0.24617724  -0.24120927  0.00000258
1336.00000000  0.24611914  -0.24115509  0.00000260
1337.00000000  0.24604839  -0.24108930  0.00000258
1338.00000000  0.24596220  -0.24100927  0.00000249
1339.00000000  0.24585873  -0.24091285  0.00000226
1340.00000000  0.24573818  -0.24080007  0.00000193
1341.00000000  0.24560212  -0.24067248  0.00000163
1342.00000000  0.24545100  -0.24053103  0.00000143
1343.00000000  0.24528335  -0.24037427  0.00000129
1344.00000000  0.24509667  -0.24019974  0.00000106
1345.00000000  0.24489178  -0.24000764  0.00000068
1346.00000000  0.24467282  -0.23980190  0.00000031
1347.00000000  0.24444459  -0.23958726  0.00000014
1348.00000000  0.24420942  -0.23936614  0.00000018
1349.00000000  0.24396634  -0.23913769  0.00000027
1350.00000000  0.24371333  -0.23890017  0.00000029
1351.00000000  0.24344906  -0.23865221  0.00000021
1352.00000000  0.24317610  -0.23839577  0.00000014
1353.00000000  0.24289937  -0.23813541  0.00000019
1354.00000000  0.24261929  -0.23787202  0.00000032
1355.00000000  0.24233045  -0.23760058  0.00000041
1356.00000000  0.24202763  -0.23731594  0.00000033
1357.00000000  0.24171208  -0.23701891  0.00000016
1358.00000000  0.24138990  -0.23671538  0.00000008
1359.00000000  0.24106407  -0.23640853  0.00000013
1360.00000000  0.24073114  -0.23609503  0.00000020
1361.00000000  0.24038745  -0.23577136  0.00000014
1362.00000000  0.24003516  -0.23543936  0.00000004
1363.00000000  0.23967883  -0.23510344  0.00000002
1364.00000000  0.23931973  -0.23476495  0.00000009
1365.00000000  0.23895584  -0.23442191  0.00000015
1366.00000000  0.23858440  -0.23407190  0.00000014
1367.00000000  0.23820531  -0.23371449  0.00000008
1368.00000000  0.23781946  -0.23335063  0.00000006
1369.00000000  0.23742759  -0.23298095  0.00000005
1370.00000000  0.23703130  -0.23260692  0.00000006
1371.00000000  0.23663053  -0.23222870  0.00000005
1372.00000000  0.23622437  -0.23184530  0.00000003
1373.00000000  0.23581380  -0.23145762  0.00000004
1374.00000000  0.23539945  -0.23106623  0.00000006
1375.00000000  0.23497981  -0.23066978  0.00000005
1376.00000000  0.23455529  -0.23026851  0.00000002
1377.00000000  0.23412831  -0.22986484  0.00000002
1378.00000000  0.23369879  -0.22945878  0.00000005
1379.00000000  0.23326382  -0.22904757  0.00000006
1380.00000000  0.23282239  -0.22863002  0.00000004
1381.00000000  0.23237659  -0.22820817  0.00000001
1382.00000000  0.23192814  -0.22778380  0.00000000
1383.00000000  0.23147723  -0.22735703  0.00000001
1384.00000000  0.23102385  -0.22692779  0.00000001
1385.00000000  0.23056766  -0.22649586  0.00000002
1386.00000000  0.23010871  -0.22606114  0.00000002
1387.00000000  0.22964704  -0.22562370  0.00000002
1388.00000000  0.22918218  -0.22518313  0.00000002
1389.00000000  0.22871332  -0.22473882  0.00000001
1390.00000000  0.22824144  -0.22429143  0.00000001
1391.00000000  0.22776771  -0.22384217  0.00000001
1392.00000000  0.22729230  -0.22339115  0.00000002
1393.00000000  0.22681406  -0.22293738  0.00000002
1394.00000000  0.22633250  -0.22248042  0.00000001
1395.00000000  0.22584836  -0.22202097  0.00000001
1396.00000000  0.22536232  -0.22155961  0.00000000
1397.00000000  0.22487432  -0.22109628  0.00000000
1398.00000000  0.22438481  -0.22063141  0.00000000
1399.00000000  0.22389445  -0.22016566  0.00000001
1400.00000000  0.22340283  -0.21969855  0.00000001
1401.00000000  0.22290912  -0.21922939  0.00000001
1402.00000000  0.22241284  -0.21875761  0.00000001
1403.00000000  0.22191355  -0.21828294  0.00000000
1404.00000000  0.22141257  -0.21780649  -0.00000000
1405.00000000  0.22091115  -0.21732949  -0.00000000
1406.00000000  0.22040968  -0.21685228  0.00000000
1407.00000000  0.21990779  -0.21637458  0.00000000
1408.00000000  0.21940523  -0.21589611  0.00000001
1409.00000000  0.21890126  -0.21541624  0.00000001
1410.00000000  0.21839556  -0.21493454  0.00000001
1411.00000000  0.21788804  -0.21445107  0.00000001
1412.00000000  0.21737792  -0.21396497  0.00000000
1413.00000000  0.21686569  -0.21347679  -0.00000000
1414.00000000  0.21635343  -0.21298836  -0.00000000
1415.00000000  0.21584143  -0.21250007  0.00000000
1416.00000000  0.21532927  -0.21201143  0.00000000
1417.00000000  0.21481735  -0.21152288  0.00000000
1418.00000000  0.21430443  -0.21103346  0.00000000
1419.00000000  0.21378975  -0.21054219  0.00000000
1420.00000000  0.21327387  -0.21004958  0.00000000
1421.00000000  0.21275695  -0.20955592  0.00000000
1422.00000000  0.21223940  -0.20906146  -0.00000000
1423.00000000  0.21172222  -0.20856729  -0.00000000
1424.00000000  0.21120664  -0.20807467  -0.00000000
1425.00000000  0.21069154  -0.20758246  0.00000000
1426.00000000  0.21017511  -0.20708887  0.00000000
1427.00000000  0.20965752  -0.20659401  0.00000000
1428.00000000  0.20913963  -0.20609881  0.00000000
1429.00000000  0.20862159  -0.20560332  0.00000000
1430.00000000  0.20810336  -0.20510757  0.00000000
1431.00000000  0.20758510  -0.20461164  -0.00000000
1432.00000000  0.20706718  -0.20411594  0.00000000
1433.00000000  0.20654929  -0.20362015  0.00000000
1434.00000000  0.20603095  -0.20312381  0.00000000
1435.00000000  0.20551220  -0.20262697  0.00000000
1436.00000000  0.20499335  -0.20212992  0.00000000
1437.00000000  0.20447433  -0.20163262  0.00000000
1438.00000000  0.20395489  -0.20113470  0.00000000
1439.00000000  0.20343515  -0.20063634  0.00000000
1440.00000000  0.20291565  -0.20013811  0.00000000
1441.00000000  0.20239669  -0.19964021  0.00000000
1442.00000000  0.20187758  -0.19914211  0.00000000
1443.00000000  0.20135687  -0.19864243  0.00000000
1444.00000000  0.20083429  -0.19814074  0.00000000
1445.00000000  0.20031027  -0.19763753  0.00000000
1446.00000000  0.19978683  -0.19713472  -0.00000000
1447.00000000  0.19926497  -0.19663337  -0.00000000
1448.00000000  0.19874455  -0.19613335  -0.00000000
1449.00000000  0.19822638  -0.19563541  0.00000000
1450.00000000  0.19770989  -0.19513914  0.00000000
1451.00000000  0.19719502  -0.19464435  0.00000000
1452.00000000  0.19668312  -0.19415225  0.00000000
1453.00000000  0.19617584  -0.19366451  0.00000000
1454.00000000  0.19567437  -0.19318227  0.00000000
1455.00000000  0.19517961  -0.19270639  0.00000000
1456.00000000  0.19469070  -0.19223604  0.00000000
1457.00000000  0.19420619  -0.19176981  0.00000000
1458.00000000  0.19372492  -0.19130659  0.00000001
1459.00000000  0.19324499  -0.19084463  0.00000001
1460.00000000  0.19276443  -0.19038191  0.00000002
1461.00000000  0.19228113  -0.18991652  0.00000003
1462.00000000  0.19179307  -0.18944643  0.00000004
1463.00000000  0.19129884  -0.18897022  0.00000005
1464.00000000  0.19079787  -0.18848746  0.00000004
1465.00000000  0.19029163  -0.18799931  0.00000003
1466.00000000  0.18978298  -0.18750855  0.00000001
1467.00000000  0.18927519  -0.18701854  -0.00000001
1468.00000000  0.18877199  -0.18653288  -0.00000001
1469.00000000  0.18827625  -0.18605451  -0.00000001
1470.00000000  0.18778872  -0.18558422  -0.00000000
1471.00000000  0.18730858  -0.18512097  0.00000000
1472.00000000  0.18683395  -0.18466295  0.00000001
1473.00000000  0.18636271  -0.18420807  0.00000001
1474.00000000  0.18589312  -0.18375473  0.00000001
1475.00000000  0.18542375  -0.18330152  0.00000001
1476.00000000  0.18495354  -0.18284743  0.00000001
1477.00000000  0.18448097  -0.18239096  0.00000001
1478.00000000  0.18400580  -0.18193190  0.00000001
1479.00000000  0.18352859  -0.18147080  0.00000001
1480.00000000  0.18305132  -0.18100956  0.00000000
1481.00000000  0.18257645  -0.18055053  -0.00000000
1482.00000000  0.18210693  -0.18009658  -0.00000000
1483.00000000  0.18164510  -0.17965002  -0.00000000
1484.00000000  0.18119158  -0.17921141  0.00000000
1485.00000000  0.18074498  -0.17877944  0.00000001
1486.00000000  0.18030241  -0.17835128  0.00000001
1487.00000000  0.17985998  -0.17792317  0.00000002
1488.00000000  0.17941423  -0.17749175  0.00000002
1489.00000000  0.17896356  -0.17705546  0.00000002
1490.00000000  0.17850946  -0.17661582  0.00000001
1491.00000000  0.17805697  -0.17617755  -0.00000001
1492.00000000  0.17761335  -0.17574763  -0.00000001
1493.00000000  0.17718281  -0.17533033  -0.00000000
1494.00000000  0.17676179  -0.17492241  0.00000000
1495.00000000  0.17634301  -0.17451678  0.00000001
1496.00000000  0.17592287  -0.17410965  0.00000000
1497.00000000  0.17550202  -0.17370170  -0.00000000
1498.00000000  0.17508261  -0.17329510  -0.00000000
1499.00000000  0.17466529  -0.17289050  0.00000000
1500.00000000  0.17424938  -0.17248717  0.00000000
1501.00000000  0.17383561  -0.17208579  -0.00000000
1502.00000000  0.17342705  -0.17168948  -0.00000000
1503.00000000  0.17302740  -0.17130169  -0.00000000
1504.00000000  0.17263709  -0.17092296  0.00000000
1505.00000000  0.17225032  -0.17054778  0.00000000
1506.00000000  0.17186256  -0.17017148  0.00000000
1507.00000000  0.17147388  -0.16979419  -0.00000000
1508.00000000  0.17108820  -0.16941978  -0.00000000
1509.00000000  0.17070840  -0.16905104  0.00000000
1510.00000000  0.17033485  -0.16868828  0.00000000
1511.00000000  0.16996717  -0.16833131  -0.00000000
1512.00000000  0.16960520  -0.16797973  -0.00000000
1513.00000000  0.16924788  -0.16763264  -0.00000000
1514.00000000  0.16889329  -0.16728820  -0.00000000
1515.00000000  0.16854106  -0.16694598  -0.00000000
1516.00000000  0.16819164  -0.16660643  -0.00000000
1517.00000000  0.16784680  -0.16627115  -0.00000000
1518.00000000  0.16750768  -0.16594154  -0.00000000
1519.00000000  0.16717547  -0.16561845  -0.00000000
1520.00000000  0.16685015  -0.16530210  -0.00000000
1521.00000000  0.16653001  -0.16499084  -0.00000000
1522.00000000  0.16621320  -0.16468272  -0.00000000
1523.00000000  0.16589844  -0.16437662  -0.00000000
1524.00000000  0.16558889  -0.16407531  -0.00000000
1525.00000000  0.16528572  -0.16378039  -0.00000000
1526.00000000  0.16498865  -0.16349137  -0.00000000
1527.00000000  0.16469775  -0.16320831  -0.00000000
1528.00000000  0.16441269  -0.16293089  -0.00000000
1529.00000000  0.16413291  -0.16265862  -0.00000000
1530.00000000  0.16385920  -0.16239217  -0.00000000
1531.00000000  0.16359107  -0.16213113  -0.00000000
1532.00000000  0.16332793  -0.16187496  -0.00000000
1533.00000000  0.16307020  -0.16162412  -0.00000000
1534.00000000  0.16281927  -0.16137971  -0.00000000
1535.00000000  0.16257502  -0.16114171  -0.00000000
1536.00000000  0.16233616  -0.16090909  -0.00000000
1537.00000000  0.16210221  -0.16068116  -0.00000000
1538.00000000  0.16187368  -0.16045845  -0.00000000
1539.00000000  0.16165259  -0.16024292  -0.00000000
1540.00000000  0.16143963  -0.16003543  -0.00000000
1541.00000000  0.16123509  -0.15983601  -0.00000000
1542.00000000  0.16103685  -0.15964290  -0.00000000
1543.00000000  0.16084379  -0.15945470  -0.00000000
1544.00000000  0.16065508  -0.15927079  -0.00000000
1545.00000000  0.16047190  -0.15909211  -0.00000000
1546.00000000  0.16029686  -0.15892130  -0.00000000
1547.00000000  0.16013192  -0.15876031  -0.00000000
1548.00000000  0.15997577  -0.15860794  -0.00000000
1549.00000000  0.15982598  -0.15846181  -0.00000000
1550.00000000  0.15968181  -0.15832108  -0.00000000
1551.00000000  0.15954378  -0.15818626  -0.00000000
1552.00000000  0.15941277  -0.15805833  -0.00000001
1553.00000000  0.15929055  -0.15793879  -0.00000001
1554.00000000  0.15917693  -0.15782781  -0.00000001
1555.00000000  0.15907159  -0.15772489  -0.00000001
1556.00000000  0.15897395  -0.15762924  -0.00000001
1557.00000000  0.15888299  -0.15754025  -0.00000001
1558.00000000  0.15879950  -0.15745842  -0.00000002
1559.00000000  0.15872367  -0.15738398  -0.00000003
1560.00000000  0.15865570  -0.15731725  -0.00000004
1561.00000000  0.15859742  -0.15725981  -0.00000006
1562.00000000  0.15854892  -0.15721180  -0.00000010
1563.00000000  0.15851100  -0.15717413  -0.00000017
1564.00000000  0.15848541  -0.15714820  -0.00000033
1565.00000000  0.15847102  -0.15713352  -0.00000065
1566.00000000  0.15846933  -0.15713087  -0.00000115
1567.00000000  0.15847015  -0.15713066  -0.00000109
1568.00000000  0.15847266  -0.15713216  -0.00000103
1569.00000000  0.15847780  -0.15713619  -0.00000103
1570.00000000  0.15848671  -0.15714377  -0.00000108
1571.00000000  0.15850070  -0.15715617  -0.00000117
1572.00000000  0.15852113  -0.15717490  -0.00000124
1573.00000000  0.15854980  -0.15720145  -0.00000126
1574.00000000  0.15858823  -0.15723744  -0.00000121
1575.00000000  0.15863788  -0.15728424  -0.00000109
1576.00000000  0.15869978  -0.15734269  -0.00000089
1577.00000000  0.15877408  -0.15741310  -0.00000066
1578.00000000  0.15885997  -0.15749478  -0.00000046
1579.00000000  0.15895705  -0.15758696  -0.00000034
1580.00000000  0.15906370  -0.15768847  -0.00000030
1581.00000000  0.15918013  -0.15779901  -0.00000031
1582.00000000  0.15930662  -0.15791914  -0.00000031
1583.00000000  0.15944214  -0.15804797  -0.00000030
1584.00000000  0.15958664  -0.15818514  -0.00000031
1585.00000000  0.15974101  -0.15833165  -0.00000031
1586.00000000  0.15990645  -0.15848845  -0.00000029
1587.00000000  0.16008264  -0.15865546  -0.00000027
1588.00000000  0.16026919  -0.15883219  -0.00000025
1589.00000000  0.16046596  -0.15901840  -0.00000025
1590.00000000  0.16067319  -0.15921432  -0.00000024
1591.00000000  0.16089058  -0.15941960  -0.00000023
1592.00000000  0.16111837  -0.15963437  -0.00000023
1593.00000000  0.16135694  -0.15985900  -0.00000023
1594.00000000  0.16160671  -0.16009387  -0.00000022
1595.00000000  0.16186772  -0.16033897  -0.00000021
1596.00000000  0.16213956  -0.16059388  -0.00000021
1597.00000000  0.16242263  -0.16085878  -0.00000022
1598.00000000  0.16271727  -0.16113408  -0.00000021
1599.00000000  0.16302353  -0.16141972  -0.00000020
1600.00000000  0.16334140  -0.16171552  -0.00000019
1601.00000000  0.16367088  -0.16202152  -0.00000019
1602.00000000  0.16401230  -0.16233793  -0.00000019
1603.00000000  0.16436574  -0.16266467  -0.00000019
1604.00000000  0.16473147  -0.16300195  -0.00000019
1605.00000000  0.16510966  -0.16334988  -0.00000018
1606.00000000  0.16550009  -0.16370809  -0.00000017
1607.00000000  0.16590253  -0.16407636  -0.00000017
1608.00000000  0.16631770  -0.16445500  -0.00000017
1609.00000000  0.16674621  -0.16484471  -0.00000018
1610.00000000  0.16718841  -0.16524568  -0.00000017
1611.00000000  0.16764362  -0.16565725  -0.00000016
1612.00000000  0.16811197  -0.16607918  -0.00000015
1613.00000000  0.16859390  -0.16651185  -0.00000014
1614.00000000  0.16908863  -0.16695450  -0.00000013
1615.00000000  0.16959652  -0.16740711  -0.00000014
1616.00000000  0.17011850  -0.16787060  -0.00000014
1617.00000000  0.17065434  -0.16834465  -0.00000013
1618.00000000  0.17120399  -0.16882895  -0.00000013
1619.00000000  0.17176852  -0.16932440  -0.00000011
1620.00000000  0.17234717  -0.16983040  -0.00000010
1621.00000000  0.17293885  -0.17034554  -0.00000009
1622.00000000  0.17354384  -0.17087002  -0.00000009
1623.00000000  0.17416285  -0.17140435  -0.00000009
1624.00000000  0.17479613  -0.17194876  -0.00000008
1625.00000000  0.17544271  -0.17250234  -0.00000006
1626.00000000  0.17610224  -0.17306441  -0.00000006
1627.00000000  0.17677478  -0.17363515  -0.00000005
1628.00000000  0.17745979  -0.17421402  -0.00000004
1629.00000000  0.17815728  -0.17480087  -0.00000004
1630.00000000  0.17886640  -0.17539504  -0.00000003
1631.00000000  0.17958710  -0.17599632  -0.00000003
1632.00000000  0.18031915  -0.17660473  -0.00000003
1633.00000000  0.18106246  -0.17722011  -0.00000002
1634.00000000  0.18181548  -0.17784114  -0.00000001
1635.00000000  0.18257682  -0.17846675  -0.00000000
1636.00000000  0.18334551  -0.17909612  0.00000000
1637.00000000  0.18412025  -0.17972815  -0.00000000
1638.00000000  0.18490115  -0.18036316  -0.00000001
1639.00000000  0.18568757  -0.18100102  -0.00000000
1640.00000000  0.18647715  -0.18163987  0.00000000
1641.00000000  0.18726814  -0.18227823  0.00000000
1642.00000000  0.18805987  -0.18291596  -0.00000000
1643.00000000  0.18885119  -0.18355255  -0.00000000
1644.00000000  0.18963946  -0.18418597  -0.00000000
1645.00000000  0.19042346  -0.18481562  -0.00000000
1646.00000000  0.19120190  -0.18544096  0.00000000
1647.00000000  0.19197299  -0.18606098  -0.00000000
1648.00000000  0.19273424  -0.18667418  -0.00000000
1649.00000000  0.19348337  -0.18727906  0.00000000
1650.00000000  0.19421867  -0.18787493  0.00000000
1651.00000000  0.19493772  -0.18846034  0.00000000
1652.00000000  0.19563814  -0.18903406  0.00000000
1653.00000000  0.19631957  -0.18959656  0.00000000
1654.00000000  0.19698012  -0.19014727  0.00000001
1655.00000000  0.19761662  -0.19068430  0.00000003
1656.00000000  0.19822751  -0.19120745  0.00000006
1657.00000000  0.19881324  -0.19171819  0.00000012
1658.00000000  0.19937301  -0.19221738  0.00000024
1659.00000000  0.19990340  -0.19270337  0.00000044
1660.00000000  0.20040008  -0.19317356  0.00000074
1661.00000000  0.20085411  -0.19362119  0.00000113
1662.00000000  0.20125122  -0.19403420  0.00000157
1663.00000000  0.20157798  -0.19440050  0.00000198
1664.00000000  0.20183077  -0.19471689  0.00000230
1665.00000000  0.20202474  -0.19499773  0.00000255
1666.00000000  0.20218678  -0.19526918  0.00000289
1667.00000000  0.20233427  -0.19555023  0.00000352
1668.00000000  0.20245495  -0.19583240  0.00000442
1669.00000000  0.20251194  -0.19608402  0.00000546
1670.00000000  0.20251238  -0.19630283  0.00000481
1671.00000000  0.20250195  -0.19652550  0.00000447
1672.00000000  0.20244610  -0.19673523  0.00000368
1673.00000000  0.20231120  -0.19691016  0.00000185
1674.00000000  0.20209114  -0.19704345  0.00000057
1675.00000000  0.20180167  -0.19714789  0.00000066
1676.00000000  0.20145075  -0.19723082  0.00000067
1677.00000000  0.20103420  -0.19728895  0.00000022
1678.00000000  0.20055056  -0.19732261  0.00000006
1679.00000000  0.20000000  -0.19733334  0.00000000
