# x | height h | flow rates qx | qz
0.00000000  0.24985352  -0.24463069  0.00000000
1.00000000  0.25195330  -0.24663512  0.00000000
2.00000000  0.25405309  -0.24863955  0.00000000
3.00000000  0.25357559  -0.24822736  0.00000000
4.00000000  0.25265315  -0.24740492  0.00000000
5.00000000  0.24973053  -0.24468693  0.00000000
6.00000000  0.24588691  -0.24109924  0.00000000
7.00000000  0.24053538  -0.23606387  0.00000000
8.00000000  0.23397633  -0.22986764  0.00000000
9.00000000  0.22638972  -0.22266863  0.00000000
10.00000000  0.21774736  -0.21443504  0.00000000
11.00000000  0.20859359  -0.20568019  0.00000000
12.00000000  0.19900487  -0.19647358  0.00000000
13.00000000  0.18959765  -0.18740679  0.00000000
14.00000000  0.18071015  -0.17880978  0.00000000
15.00000000  0.17291334  -0.17124169  0.00000000
16.00000000  0.16665080  -0.16514367  0.00000000
17.00000000  0.16229340  -0.16088761  0.00000000
18.00000000  0.16004252  -0.15867983  0.00000000
19.00000000  0.15983061  -0.15846130  0.00000000
20.00000000  0.16135389  -0.15993825  0.00000000
21.00000000  0.16405138  -0.16256322  0.00000000
22.00000000  0.16721842  -0.16564758  0.00000000
23.00000000  0.17011611  -0.16846964  0.00000000
24.00000000  0.17211868  -0.17041975  0.00000000
25.00000000  0.17285267  -0.17113519  0.00000000
26.00000000  0.17227779  -0.17057718  0.00000000
27.00000000  0.17072737  -0.16906948  0.00000000
28.00000000  0.16885063  -0.16724136  0.00000000
29.00000000  0.16750611  -0.16592491  0.00000000
30.00000000  0.16757870  -0.16597873  0.00000000
31.00000000  0.16978590  -0.16809835  0.00000000
32.00000000  0.17450154  -0.17264418  0.00000000
33.00000000  0.18166219  -0.17954855  0.00000000
34.00000000  0.19078480  -0.18833384  0.00000000
35.00000000  0.20109026  -0.19823626  0.00000000
36.00000000  0.21168800  -0.20838948  0.00000000
37.00000000  0.22176053  -0.21800639  0.00000000
38.00000000  0.23069341  -0.22650452  0.00000000
39.00000000  0.23812245  -0.23354913  0.00000000
40.00000000  0.24391063  -0.23902550  0.00000000
41.00000000  0.24807814  -0.24296780  0.00000000
42.00000000  0.25072372  -0.24547999  0.00000000
43.00000000  0.25196156  -0.24667448  0.00000000
44.00000000  0.25188777  -0.24664079  0.00000000
45.00000000  0.25057581  -0.24544314  0.00000000
46.00000000  0.24808672  -0.24313216  0.00000000
47.00000000  0.24448125  -0.23975833  0.00000000
48.00000000  0.23982646  -0.23537923  0.00000000
49.00000000  0.23419559  -0.23005909  0.00000000
50.00000000  0.22766840  -0.22386894  0.00000000
51.00000000  0.22033316  -0.21688822  0.00000000
52.00000000  0.21230379  -0.20922071  0.00000000
53.00000000  0.20375206  -0.20102605  0.00000000
54.00000000  0.19494371  -0.19255596  0.00000000
55.00000000  0.18626772  -0.18418391  0.00000000
56.00000000  0.17823356  -0.17640433  0.00000000
57.00000000  0.17141418  -0.16977908  0.00000000
58.00000000  0.16634005  -0.16483304  0.00000000
59.00000000  0.16337050  -0.16192673  0.00000000
60.00000000  0.16257092  -0.16113327  0.00000000
61.00000000  0.16364688  -0.16217141  0.00000000
62.00000000  0.16597944  -0.16443898  0.00000000
63.00000000  0.16874631  -0.16713329  0.00000000
64.00000000  0.17109925  -0.16942623  0.00000000
65.00000000  0.17235558  -0.17065221  0.00000000
66.00000000  0.17215221  -0.17045806  0.00000000
67.00000000  0.17053252  -0.16888569  0.00000000
68.00000000  0.16795130  -0.16637588  0.00000000
69.00000000  0.16520135  -0.16369726  0.00000000
70.00000000  0.16326432  -0.16180265  0.00000000
71.00000000  0.16310617  -0.16163102  0.00000000
72.00000000  0.16545847  -0.16389339  0.00000000
73.00000000  0.17064239  -0.16889945  0.00000000
74.00000000  0.17848711  -0.17647596  0.00000000
75.00000000  0.18837115  -0.18600880  0.00000000
76.00000000  0.19937675  -0.19659741  0.00000000
77.00000000  0.21050364  -0.20726839  0.00000000
78.00000000  0.22087353  -0.21717624  0.00000000
79.00000000  0.22986351  -0.22573218  0.00000000
80.00000000  0.23714446  -0.23263700  0.00000000
81.00000000  0.24264555  -0.23784095  0.00000000
82.00000000  0.24646951  -0.24145731  0.00000000
83.00000000  0.24879834  -0.24366893  0.00000000
84.00000000  0.24982165  -0.24465875  0.00000000
85.00000000  0.24969722  -0.24457374  0.00000000
86.00000000  0.24854048  -0.24351749  0.00000000
87.00000000  0.24642989  -0.24155806  0.00000000
88.00000000  0.24341765  -0.23873954  0.00000000
89.00000000  0.23953705  -0.23508961  0.00000000
90.00000000  0.23480316  -0.23061968  0.00000000
91.00000000  0.22921610  -0.22532670  0.00000000
92.00000000  0.22277787  -0.21920832  0.00000000
93.00000000  0.21552292  -0.21229194  0.00000000
94.00000000  0.20756276  -0.20467807  0.00000000
95.00000000  0.19913377  -0.19658765  0.00000000
96.00000000  0.19062920  -0.18839565  0.00000000
97.00000000  0.18259087  -0.18062514  0.00000000
98.00000000  0.17564203  -0.17388442  0.00000000
99.00000000  0.17036870  -0.16875128  0.00000000
100.00000000  0.16717233  -0.16562709  0.00000000
101.00000000  0.16613288  -0.16460018  0.00000000
102.00000000  0.16694270  -0.16537760  0.00000000
103.00000000  0.16894111  -0.16731817  0.00000000
104.00000000  0.17124808  -0.16956414  0.00000000
105.00000000  0.17296484  -0.17123863  0.00000000
106.00000000  0.17338482  -0.17165288  0.00000000
107.00000000  0.17216015  -0.17046788  0.00000000
108.00000000  0.16939791  -0.16778617  0.00000000
109.00000000  0.16566469  -0.16415615  0.00000000
110.00000000  0.16189364  -0.16048260  0.00000000
111.00000000  0.15920696  -0.15785584  0.00000000
112.00000000  0.15867531  -0.15731883  0.00000000
113.00000000  0.16106781  -0.15962166  0.00000000
114.00000000  0.16665670  -0.16502754  0.00000000
115.00000000  0.17514405  -0.17323831  0.00000000
116.00000000  0.18573987  -0.18347339  0.00000000
117.00000000  0.19736767  -0.19467558  0.00000000
118.00000000  0.20892027  -0.20576660  0.00000000
119.00000000  0.21948066  -0.21586405  0.00000000
120.00000000  0.22844778  -0.22440206  0.00000000
121.00000000  0.23555936  -0.23114707  0.00000000
122.00000000  0.24082804  -0.23613040  0.00000000
123.00000000  0.24443498  -0.23954061  0.00000000
124.00000000  0.24662611  -0.24162066  0.00000000
125.00000000  0.24763508  -0.24259476  0.00000000
126.00000000  0.24764612  -0.24263434  0.00000000
127.00000000  0.24678640  -0.24185431  0.00000000
128.00000000  0.24513058  -0.24032015  0.00000000
129.00000000  0.24271168  -0.23805903  0.00000000
130.00000000  0.23952635  -0.23506562  0.00000000
131.00000000  0.23553540  -0.23130122  0.00000000
132.00000000  0.23067506  -0.22670273  0.00000000
133.00000000  0.22488636  -0.22120957  0.00000000
134.00000000  0.21815816  -0.21480508  0.00000000
135.00000000  0.21058327  -0.20757049  0.00000000
136.00000000  0.20240960  -0.19973633  0.00000000
137.00000000  0.19406584  -0.19171000  0.00000000
138.00000000  0.18614361  -0.18406098  0.00000000
139.00000000  0.17931020  -0.17743957  0.00000000
140.00000000  0.17417359  -0.17244394  0.00000000
141.00000000  0.17112136  -0.16946244  0.00000000
142.00000000  0.17018645  -0.16853793  0.00000000
143.00000000  0.17099170  -0.16931039  0.00000000
144.00000000  0.17280245  -0.17106749  0.00000000
145.00000000  0.17468323  -0.17289849  0.00000000
146.00000000  0.17571138  -0.17390437  0.00000000
147.00000000  0.17519662  -0.17341216  0.00000000
148.00000000  0.17284839  -0.17113774  0.00000000
149.00000000  0.16886368  -0.16726977  0.00000000
150.00000000  0.16392194  -0.16246472  0.00000000
151.00000000  0.15908055  -0.15774740  0.00000000
152.00000000  0.15557930  -0.15432394  0.00000000
153.00000000  0.15457621  -0.15332527  0.00000000
154.00000000  0.15686952  -0.15553293  0.00000000
155.00000000  0.16268951  -0.16117015  0.00000000
156.00000000  0.17163146  -0.16983397  0.00000000
157.00000000  0.18276511  -0.18060455  0.00000000
158.00000000  0.19488019  -0.19229208  0.00000000
159.00000000  0.20677532  -0.20372532  0.00000000
160.00000000  0.21749637  -0.21398593  0.00000000
161.00000000  0.22646230  -0.22252803  0.00000000
162.00000000  0.23346876  -0.22917525  0.00000000
163.00000000  0.23860280  -0.23403120  0.00000000
164.00000000  0.24211659  -0.23735240  0.00000000
165.00000000  0.24431030  -0.23943333  0.00000000
166.00000000  0.24545190  -0.24053028  0.00000000
167.00000000  0.24573822  -0.24082682  0.00000000
168.00000000  0.24528772  -0.24043018  0.00000000
169.00000000  0.24415009  -0.23938282  0.00000000
170.00000000  0.24231696  -0.23767428  0.00000000
171.00000000  0.23973441  -0.23525174  0.00000000
172.00000000  0.23631372  -0.23203000  0.00000000
173.00000000  0.23195110  -0.22790803  0.00000000
174.00000000  0.22656429  -0.22280262  0.00000000
175.00000000  0.22014134  -0.21669564  0.00000000
176.00000000  0.21279679  -0.20968843  0.00000000
177.00000000  0.20482142  -0.20205182  0.00000000
178.00000000  0.19669533  -0.19424197  0.00000000
179.00000000  0.18904904  -0.18686581  0.00000000
180.00000000  0.18256624  -0.18058866  0.00000000
181.00000000  0.17783612  -0.17599075  0.00000000
182.00000000  0.17518961  -0.17340539  0.00000000
183.00000000  0.17457649  -0.17279442  0.00000000
184.00000000  0.17553028  -0.17371124  0.00000000
185.00000000  0.17724498  -0.17537472  0.00000000
186.00000000  0.17874691  -0.17683773  0.00000000
187.00000000  0.17911382  -0.17720254  0.00000000
188.00000000  0.17768908  -0.17582941  0.00000000
189.00000000  0.17424428  -0.17249365  0.00000000
190.00000000  0.16905901  -0.16746211  0.00000000
191.00000000  0.16290979  -0.16148385  0.00000000
192.00000000  0.15696101  -0.15568697  0.00000000
193.00000000  0.15255724  -0.15138069  0.00000000
194.00000000  0.15094148  -0.14978176  0.00000000
195.00000000  0.15295120  -0.15171349  0.00000000
196.00000000  0.15879157  -0.15737681  0.00000000
197.00000000  0.16797291  -0.16628514  0.00000000
198.00000000  0.17944616  -0.17740043  0.00000000
199.00000000  0.19188677  -0.18941873  0.00000000
200.00000000  0.20401651  -0.20109229  0.00000000
201.00000000  0.21485761  -0.21147902  0.00000000
202.00000000  0.22385266  -0.22005603  0.00000000
203.00000000  0.23085006  -0.22669825  0.00000000
204.00000000  0.23599546  -0.23156622  0.00000000
205.00000000  0.23959042  -0.23496403  0.00000000
206.00000000  0.24196677  -0.23721640  0.00000000
207.00000000  0.24340394  -0.23859063  0.00000000
208.00000000  0.24408805  -0.23926084  0.00000000
209.00000000  0.24411060  -0.23930927  0.00000000
210.00000000  0.24348362  -0.23874339  0.00000000
211.00000000  0.24215798  -0.23751475  0.00000000
212.00000000  0.24003902  -0.23553239  0.00000000
213.00000000  0.23700528  -0.23267993  0.00000000
214.00000000  0.23293859  -0.22884201  0.00000000
215.00000000  0.22776310  -0.22394145  0.00000000
216.00000000  0.22149587  -0.21798709  0.00000000
217.00000000  0.21429908  -0.21112537  0.00000000
218.00000000  0.20651799  -0.20367910  0.00000000
219.00000000  0.19868059  -0.19615062  0.00000000
220.00000000  0.19144480  -0.18917359  0.00000000
221.00000000  0.18548717  -0.18340711  0.00000000
222.00000000  0.18134832  -0.17938451  0.00000000
223.00000000  0.17927672  -0.17735857  0.00000000
224.00000000  0.17912270  -0.17719418  0.00000000
225.00000000  0.18032867  -0.17835587  0.00000000
226.00000000  0.18202621  -0.18000244  0.00000000
227.00000000  0.18321854  -0.18116543  0.00000000
228.00000000  0.18299602  -0.18096055  0.00000000
229.00000000  0.18074402  -0.17878889  0.00000000
230.00000000  0.17629537  -0.17448387  0.00000000
231.00000000  0.17000066  -0.16837965  0.00000000
232.00000000  0.16271496  -0.16129893  0.00000000
233.00000000  0.15568607  -0.15444982  0.00000000
234.00000000  0.15034014  -0.14922203  0.00000000
235.00000000  0.14798693  -0.14690052  0.00000000
236.00000000  0.14950113  -0.14834881  0.00000000
237.00000000  0.15508430  -0.15376674  0.00000000
238.00000000  0.16420336  -0.16262560  0.00000000
239.00000000  0.17574172  -0.17381944  0.00000000
240.00000000  0.18830493  -0.18597330  0.00000000
241.00000000  0.20056547  -0.19778903  0.00000000
242.00000000  0.21152653  -0.20830414  0.00000000
243.00000000  0.22063951  -0.21700352  0.00000000
244.00000000  0.22777750  -0.22378574  0.00000000
245.00000000  0.23311456  -0.22883867  0.00000000
246.00000000  0.23697355  -0.23248725  0.00000000
247.00000000  0.23969273  -0.23506323  0.00000000
248.00000000  0.24154414  -0.23682760  0.00000000
249.00000000  0.24269331  -0.23793583  0.00000000
250.00000000  0.24319956  -0.23844030  0.00000000
251.00000000  0.24303697  -0.23831359  0.00000000
252.00000000  0.24211860  -0.23747125  0.00000000
253.00000000  0.24032058  -0.23579456  0.00000000
254.00000000  0.23751000  -0.23315564  0.00000000
255.00000000  0.23357683  -0.22944669  0.00000000
256.00000000  0.22847494  -0.22461808  0.00000000
257.00000000  0.22226988  -0.21872473  0.00000000
258.00000000  0.21518427  -0.21197076  0.00000000
259.00000000  0.20762241  -0.20473604  0.00000000
260.00000000  0.20015679  -0.19756615  0.00000000
261.00000000  0.19345796  -0.19110808  0.00000000
262.00000000  0.18817022  -0.18599030  0.00000000
263.00000000  0.18475896  -0.18267347  0.00000000
264.00000000  0.18336932  -0.18130969  0.00000000
265.00000000  0.18374442  -0.18165900  0.00000000
266.00000000  0.18523917  -0.18310095  0.00000000
267.00000000  0.18693765  -0.18474855  0.00000000
268.00000000  0.18784469  -0.18563588  0.00000000
269.00000000  0.18709327  -0.18492112  0.00000000
270.00000000  0.18412809  -0.18206316  0.00000000
271.00000000  0.17883979  -0.17695056  0.00000000
272.00000000  0.17162725  -0.16996194  0.00000000
273.00000000  0.16338363  -0.16195457  0.00000000
274.00000000  0.15539150  -0.15416886  0.00000000
275.00000000  0.14911620  -0.14803326  0.00000000
276.00000000  0.14591147  -0.14487797  0.00000000
277.00000000  0.14669400  -0.14561135  0.00000000
278.00000000  0.15169486  -0.15046516  0.00000000
279.00000000  0.16039385  -0.15892425  0.00000000
280.00000000  0.17167166  -0.16987908  0.00000000
281.00000000  0.18412249  -0.18194109  0.00000000
282.00000000  0.19640453  -0.19379492  0.00000000
283.00000000  0.20750380  -0.20445883  0.00000000
284.00000000  0.21685396  -0.21339802  0.00000000
285.00000000  0.22431281  -0.22049521  0.00000000
286.00000000  0.23004095  -0.22592504  0.00000000
287.00000000  0.23434609  -0.22999869  0.00000000
288.00000000  0.23754784  -0.23303145  0.00000000
289.00000000  0.23989365  -0.23526247  0.00000000
290.00000000  0.24152341  -0.23682398  0.00000000
291.00000000  0.24246979  -0.23774430  0.00000000
292.00000000  0.24268134  -0.23797193  0.00000000
293.00000000  0.24204987  -0.23740238  0.00000000
294.00000000  0.24044143  -0.23590693  0.00000000
295.00000000  0.23772836  -0.23336208  0.00000000
296.00000000  0.23382284  -0.22968058  0.00000000
297.00000000  0.22871956  -0.22485124  0.00000000
298.00000000  0.22254260  -0.21898447  0.00000000
299.00000000  0.21557949  -0.21234693  0.00000000
300.00000000  0.20829329  -0.20537539  0.00000000
301.00000000  0.20128921  -0.19864833  0.00000000
302.00000000  0.19523096  -0.19280723  0.00000000
303.00000000  0.19071022  -0.18843050  0.00000000
304.00000000  0.18809721  -0.18588677  0.00000000
305.00000000  0.18742028  -0.18521412  0.00000000
306.00000000  0.18831630  -0.18606861  0.00000000
307.00000000  0.19007152  -0.18776280  0.00000000
308.00000000  0.19175465  -0.18939543  0.00000000
309.00000000  0.19240233  -0.19003288  0.00000000
310.00000000  0.19120827  -0.18889309  0.00000000
311.00000000  0.18768588  -0.18550146  0.00000000
312.00000000  0.18177654  -0.17979494  0.00000000
313.00000000  0.17389797  -0.17216825  0.00000000
314.00000000  0.16493417  -0.16346766  0.00000000
315.00000000  0.15614834  -0.15491298  0.00000000
316.00000000  0.14899445  -0.14792116  0.00000000
317.00000000  0.14483936  -0.14383689  0.00000000
318.00000000  0.14464587  -0.14361614  0.00000000
319.00000000  0.14871836  -0.14756574  0.00000000
320.00000000  0.15662040  -0.15525490  0.00000000
321.00000000  0.16730639  -0.16564631  0.00000000
322.00000000  0.17941654  -0.17739436  0.00000000
323.00000000  0.19161822  -0.18918900  0.00000000
324.00000000  0.20287450  -0.20002216  0.00000000
325.00000000  0.21257299  -0.20931110  0.00000000
326.00000000  0.22051427  -0.21688104  0.00000000
327.00000000  0.22680199  -0.22285123  0.00000000
328.00000000  0.23169476  -0.22748664  0.00000000
329.00000000  0.23547553  -0.23106876  0.00000000
330.00000000  0.23836297  -0.23381163  0.00000000
331.00000000  0.24047309  -0.23582654  0.00000000
332.00000000  0.24181978  -0.23712514  0.00000000
333.00000000  0.24233499  -0.23764080  0.00000000
334.00000000  0.24190013  -0.23725876  0.00000000
335.00000000  0.24038130  -0.23584984  0.00000000
336.00000000  0.23766723  -0.23330523  0.00000000
337.00000000  0.23370735  -0.22957218  0.00000000
338.00000000  0.22855349  -0.22469372  0.00000000
339.00000000  0.22239684  -0.21884456  0.00000000
340.00000000  0.21559304  -0.21235676  0.00000000
341.00000000  0.20865482  -0.20571628  0.00000000
342.00000000  0.20220374  -0.19951865  0.00000000
343.00000000  0.19687311  -0.19437724  0.00000000
344.00000000  0.19317624  -0.19079556  0.00000000
345.00000000  0.19137104  -0.18903339  0.00000000
346.00000000  0.19136773  -0.18901324  0.00000000
347.00000000  0.19271134  -0.19030133  0.00000000
348.00000000  0.19464926  -0.19217220  0.00000000
349.00000000  0.19627109  -0.19374548  0.00000000
350.00000000  0.19667998  -0.19415319  0.00000000
351.00000000  0.19515508  -0.19269697  0.00000000
352.00000000  0.19127810  -0.18896867  0.00000000
353.00000000  0.18501920  -0.18293214  0.00000000
354.00000000  0.17677808  -0.17496328  0.00000000
355.00000000  0.16737944  -0.16584906  0.00000000
356.00000000  0.15800591  -0.15672910  0.00000000
357.00000000  0.15004587  -0.14895511  0.00000000
358.00000000  0.14485075  -0.14385632  0.00000000
359.00000000  0.14343840  -0.14244431  0.00000000
360.00000000  0.14623544  -0.14514858  0.00000000
361.00000000  0.15296316  -0.15169622  0.00000000
362.00000000  0.16272636  -0.16119868  0.00000000
363.00000000  0.17426960  -0.17241125  0.00000000
364.00000000  0.18629569  -0.18405478  0.00000000
365.00000000  0.19773434  -0.19508390  0.00000000
366.00000000  0.20789070  -0.20483133  0.00000000
367.00000000  0.21646278  -0.21301964  0.00000000
368.00000000  0.22345531  -0.21967191  0.00000000
369.00000000  0.22904895  -0.22497877  0.00000000
370.00000000  0.23347349  -0.22917318  0.00000000
371.00000000  0.23691796  -0.23244312  0.00000000
372.00000000  0.23948133  -0.23488615  0.00000000
373.00000000  0.24116535  -0.23650374  0.00000000
374.00000000  0.24189574  -0.23722360  0.00000000
375.00000000  0.24155810  -0.23693489  0.00000000
376.00000000  0.24003670  -0.23552452  0.00000000
377.00000000  0.23725195  -0.23291326  0.00000000
378.00000000  0.23320305  -0.22909492  0.00000000
379.00000000  0.22800630  -0.22417349  0.00000000
380.00000000  0.22192265  -0.21839054  0.00000000
381.00000000  0.21536699  -0.21213599  0.00000000
382.00000000  0.20888428  -0.20592833  0.00000000
383.00000000  0.20308310  -0.20035252  0.00000000
384.00000000  0.19853382  -0.19596252  0.00000000
385.00000000  0.19564900  -0.19316466  0.00000000
386.00000000  0.19457251  -0.19210745  0.00000000
387.00000000  0.19511704  -0.19261783  0.00000000
388.00000000  0.19677290  -0.19420798  0.00000000
389.00000000  0.19879061  -0.19615543  0.00000000
390.00000000  0.20031625  -0.19763546  0.00000000
391.00000000  0.20054252  -0.19786769  0.00000000
392.00000000  0.19883646  -0.19623959  0.00000000
393.00000000  0.19483440  -0.19239646  0.00000000
394.00000000  0.18850818  -0.18630335  0.00000000
395.00000000  0.18020138  -0.17828096  0.00000000
396.00000000  0.17063627  -0.16901566  0.00000000
397.00000000  0.16087288  -0.15952617  0.00000000
398.00000000  0.15219699  -0.15106176  0.00000000
399.00000000  0.14592104  -0.14491186  0.00000000
400.00000000  0.14312007  -0.14214364  0.00000000
401.00000000  0.14437224  -0.14333773  0.00000000
402.00000000  0.14961098  -0.14843300  0.00000000
403.00000000  0.15815328  -0.15675205  0.00000000
404.00000000  0.16889870  -0.16720167  0.00000000
405.00000000  0.18061194  -0.17856018  0.00000000
406.00000000  0.19219065  -0.18974558  0.00000000
407.00000000  0.20284024  -0.19998816  0.00000000
408.00000000  0.21212758  -0.20887978  0.00000000
409.00000000  0.21992953  -0.21631801  0.00000000
410.00000000  0.22632132  -0.22239238  0.00000000
411.00000000  0.23145780  -0.22726597  0.00000000
412.00000000  0.23548149  -0.23108521  0.00000000
413.00000000  0.23847117  -0.23393089  0.00000000
414.00000000  0.24042736  -0.23580523  0.00000000
415.00000000  0.24128836  -0.23664860  0.00000000
416.00000000  0.24096379  -0.23637269  0.00000000
417.00000000  0.23937315  -0.23489724  0.00000000
418.00000000  0.23648642  -0.23218881  0.00000000
419.00000000  0.23236287  -0.22829762  0.00000000
420.00000000  0.22718307  -0.22338900  0.00000000
421.00000000  0.22126637  -0.21776091  0.00000000
422.00000000  0.21506463  -0.21184027  0.00000000
423.00000000  0.20912479  -0.20614929  0.00000000
424.00000000  0.20401737  -0.20123772  0.00000000
425.00000000  0.20023571  -0.19758621  0.00000000
426.00000000  0.19808984  -0.19550176  0.00000000
427.00000000  0.19762258  -0.19503380  0.00000000
428.00000000  0.19857614  -0.19594000  0.00000000
429.00000000  0.20041843  -0.19771023  0.00000000
430.00000000  0.20243563  -0.19965646  0.00000000
431.00000000  0.20385471  -0.20103289  0.00000000
432.00000000  0.20396383  -0.20115261  0.00000000
433.00000000  0.20221037  -0.19948150  0.00000000
434.00000000  0.19827348  -0.19570658  0.00000000
435.00000000  0.19211087  -0.18977965  0.00000000
436.00000000  0.18399145  -0.18194884  0.00000000
437.00000000  0.17451262  -0.17277879  0.00000000
438.00000000  0.16458268  -0.16313930  0.00000000
439.00000000  0.15534893  -0.15414225  0.00000000
440.00000000  0.14805028  -0.14700179  0.00000000
441.00000000  0.14379503  -0.14281572  0.00000000
442.00000000  0.14331573  -0.14231697  0.00000000
443.00000000  0.14678791  -0.14568584  0.00000000
444.00000000  0.15379722  -0.15251231  0.00000000
445.00000000  0.16346008  -0.16191767  0.00000000
446.00000000  0.17465512  -0.17278938  0.00000000
447.00000000  0.18627623  -0.18403672  0.00000000
448.00000000  0.19742608  -0.19478406  0.00000000
449.00000000  0.20750937  -0.20446068  0.00000000
450.00000000  0.21622902  -0.21279290  0.00000000
451.00000000  0.22351211  -0.21972741  0.00000000
452.00000000  0.22941028  -0.22533005  0.00000000
453.00000000  0.23401093  -0.22969757  0.00000000
454.00000000  0.23737890  -0.23290035  0.00000000
455.00000000  0.23953177  -0.23495919  0.00000000
456.00000000  0.24044386  -0.23584992  0.00000000
457.00000000  0.24007010  -0.23552710  0.00000000
458.00000000  0.23838167  -0.23395857  0.00000000
459.00000000  0.23540604  -0.23116450  0.00000000
460.00000000  0.23126009  -0.22724958  0.00000000
461.00000000  0.22617930  -0.22243117  0.00000000
462.00000000  0.22052512  -0.21704869  0.00000000
463.00000000  0.21476603  -0.21154675  0.00000000
464.00000000  0.20943046  -0.20643149  0.00000000
465.00000000  0.20503086  -0.20219827  0.00000000
466.00000000  0.20197274  -0.19924311  0.00000000
467.00000000  0.20046754  -0.19777735  0.00000000
468.00000000  0.20047432  -0.19776830  0.00000000
469.00000000  0.20169003  -0.19892842  0.00000000
470.00000000  0.20359568  -0.20075946  0.00000000
471.00000000  0.20554078  -0.20263508  0.00000000
472.00000000  0.20684634  -0.20390095  0.00000000
473.00000000  0.20689963  -0.20396683  0.00000000
474.00000000  0.20522583  -0.20237435  0.00000000
475.00000000  0.20153496  -0.19884104  0.00000000
476.00000000  0.19575541  -0.19329084  0.00000000
477.00000000  0.18806535  -0.18588486  0.00000000
478.00000000  0.17891672  -0.17704694  0.00000000
479.00000000  0.16904242  -0.16747545  0.00000000
480.00000000  0.15942371  -0.15811756  0.00000000
481.00000000  0.15119235  -0.15007871  0.00000000
482.00000000  0.14546201  -0.14445813  0.00000000
483.00000000  0.14311191  -0.14213161  0.00000000
484.00000000  0.14458646  -0.14354625  0.00000000
485.00000000  0.14978911  -0.14860870  0.00000000
486.00000000  0.15811296  -0.15671502  0.00000000
487.00000000  0.16859919  -0.16691118  0.00000000
488.00000000  0.18015982  -0.17811994  0.00000000
489.00000000  0.19178697  -0.18935168  0.00000000
490.00000000  0.20269631  -0.19984592  0.00000000
491.00000000  0.21238062  -0.20912170  0.00000000
492.00000000  0.22058648  -0.21695045  0.00000000
493.00000000  0.22724387  -0.22328241  0.00000000
494.00000000  0.23238283  -0.22816262  0.00000000
495.00000000  0.23606721  -0.23166372  0.00000000
496.00000000  0.23835009  -0.23384325  0.00000000
497.00000000  0.23926103  -0.23473087  0.00000000
498.00000000  0.23881696  -0.23434010  0.00000000
499.00000000  0.23705064  -0.23269649  0.00000000
500.00000000  0.23404782  -0.22987464  0.00000000
501.00000000  0.22997880  -0.22602946  0.00000000
502.00000000  0.22511651  -0.22141485  0.00000000
503.00000000  0.21983740  -0.21638577  0.00000000
504.00000000  0.21460038  -0.21137913  0.00000000
505.00000000  0.20989507  -0.20686543  0.00000000
506.00000000  0.20616516  -0.20327483  0.00000000
507.00000000  0.20373078  -0.20092084  0.00000000
508.00000000  0.20272203  -0.19993502  0.00000000
509.00000000  0.20304239  -0.20022976  0.00000000
510.00000000  0.20437798  -0.20150600  0.00000000
511.00000000  0.20624867  -0.20330273  0.00000000
512.00000000  0.20808168  -0.20506905  0.00000000
513.00000000  0.20929562  -0.20624533  0.00000000
514.00000000  0.20937042  -0.20633128  0.00000000
515.00000000  0.20789340  -0.20492932  0.00000000
516.00000000  0.20459460  -0.20177664  0.00000000
517.00000000  0.19936916  -0.19676647  0.00000000
518.00000000  0.19229957  -0.18996850  0.00000000
519.00000000  0.18368499  -0.18165942  0.00000000
520.00000000  0.17406897  -0.17235360  0.00000000
521.00000000  0.16424519  -0.16281281  0.00000000
522.00000000  0.15521306  -0.15400845  0.00000000
523.00000000  0.14806512  -0.14701398  0.00000000
524.00000000  0.14380753  -0.14282657  0.00000000
525.00000000  0.14315031  -0.14215550  0.00000000
526.00000000  0.14633946  -0.14524849  0.00000000
527.00000000  0.15309098  -0.15182307  0.00000000
528.00000000  0.16265778  -0.16113427  0.00000000
529.00000000  0.17400233  -0.17215134  0.00000000
530.00000000  0.18601421  -0.18377863  0.00000000
531.00000000  0.19770493  -0.19505055  0.00000000
532.00000000  0.20833269  -0.20525387  0.00000000
533.00000000  0.21744211  -0.21396250  0.00000000
534.00000000  0.22482987  -0.22099936  0.00000000
535.00000000  0.23047078  -0.22635913  0.00000000
536.00000000  0.23443626  -0.23012558  0.00000000
537.00000000  0.23682801  -0.23240517  0.00000000
538.00000000  0.23774169  -0.23329249  0.00000000
539.00000000  0.23726290  -0.23286650  0.00000000
540.00000000  0.23548666  -0.23121135  0.00000000
541.00000000  0.23254642  -0.22844657  0.00000000
542.00000000  0.22864702  -0.22475941  0.00000000
543.00000000  0.22408351  -0.22042549  0.00000000
544.00000000  0.21923614  -0.21580447  0.00000000
545.00000000  0.21454273  -0.21131478  0.00000000
546.00000000  0.21044512  -0.20738195  0.00000000
547.00000000  0.20732072  -0.20437257  0.00000000
548.00000000  0.20541362  -0.20252705  0.00000000
549.00000000  0.20478804  -0.20191185  0.00000000
550.00000000  0.20531270  -0.20240478  0.00000000
551.00000000  0.20667948  -0.20371163  0.00000000
552.00000000  0.20845637  -0.20541745  0.00000000
553.00000000  0.21015283  -0.20705083  0.00000000
554.00000000  0.21128428  -0.20814610  0.00000000
555.00000000  0.21142167  -0.20829099  0.00000000
556.00000000  0.21021834  -0.20715199  0.00000000
557.00000000  0.20742089  -0.20448343  0.00000000
558.00000000  0.20288244  -0.20013911  0.00000000
559.00000000  0.19658393  -0.19409244  0.00000000
560.00000000  0.18866822  -0.18647043  0.00000000
561.00000000  0.17948429  -0.17759867  0.00000000
562.00000000  0.16962741  -0.16804399  0.00000000
563.00000000  0.15994793  -0.15862754  0.00000000
564.00000000  0.15149447  -0.15037349  0.00000000
565.00000000  0.14537543  -0.14437450  0.00000000
566.00000000  0.14255257  -0.14158593  0.00000000
567.00000000  0.14361571  -0.14259729  0.00000000
568.00000000  0.14862324  -0.14746790  0.00000000
569.00000000  0.15706934  -0.15569305  0.00000000
570.00000000  0.16799790  -0.16632085  0.00000000
571.00000000  0.18021986  -0.17817380  0.00000000
572.00000000  0.19255613  -0.19009408  0.00000000
573.00000000  0.20403254  -0.20113696  0.00000000
574.00000000  0.21398531  -0.21067169  0.00000000
575.00000000  0.22207001  -0.21838497  0.00000000
576.00000000  0.22819836  -0.22421302  0.00000000
577.00000000  0.23244615  -0.22824681  0.00000000
578.00000000  0.23496336  -0.23064232  0.00000000
579.00000000  0.23591438  -0.23156118  0.00000000
580.00000000  0.23545414  -0.23114952  0.00000000
581.00000000  0.23373520  -0.22954620  0.00000000
582.00000000  0.23093605  -0.22691256  0.00000000
583.00000000  0.22729130  -0.22346438  0.00000000
584.00000000  0.22310697  -0.21948814  0.00000000
585.00000000  0.21875218  -0.21533436  0.00000000
586.00000000  0.21462788  -0.21138690  0.00000000
587.00000000  0.21111743  -0.20801622  0.00000000
588.00000000  0.20852757  -0.20552082  0.00000000
589.00000000  0.20703593  -0.20407625  0.00000000
590.00000000  0.20665933  -0.20370261  0.00000000
591.00000000  0.20725402  -0.20426433  0.00000000
592.00000000  0.20854267  -0.20549627  0.00000000
593.00000000  0.21016024  -0.20704803  0.00000000
594.00000000  0.21170823  -0.20853680  0.00000000
595.00000000  0.21279968  -0.20959121  0.00000000
596.00000000  0.21308312  -0.20987438  0.00000000
597.00000000  0.21225557  -0.20909533  0.00000000
598.00000000  0.21006659  -0.20701207  0.00000000
599.00000000  0.20631878  -0.20343144  0.00000000
600.00000000  0.20088689  -0.19822632  0.00000000
601.00000000  0.19376189  -0.19137849  0.00000000
602.00000000  0.18511182  -0.18303873  0.00000000
603.00000000  0.17534864  -0.17359401  0.00000000
604.00000000  0.16517742  -0.16371965  0.00000000
605.00000000  0.15558931  -0.15437707  0.00000000
606.00000000  0.14776106  -0.14671978  0.00000000
607.00000000  0.14285876  -0.14190103  0.00000000
608.00000000  0.14178202  -0.14081685  0.00000000
609.00000000  0.14492583  -0.14386292  0.00000000
610.00000000  0.15204863  -0.15079959  0.00000000
611.00000000  0.16231771  -0.16079688  0.00000000
612.00000000  0.17450941  -0.17264010  0.00000000
613.00000000  0.18728660  -0.18501118  0.00000000
614.00000000  0.19945978  -0.19674994  0.00000000
615.00000000  0.21016093  -0.20702313  0.00000000
616.00000000  0.21889690  -0.21537264  0.00000000
617.00000000  0.22550598  -0.22166531  0.00000000
618.00000000  0.23005892  -0.22598991  0.00000000
619.00000000  0.23274659  -0.22854450  0.00000000
620.00000000  0.23379599  -0.22955270  0.00000000
621.00000000  0.23342639  -0.22922307  0.00000000
622.00000000  0.23184665  -0.22774822  0.00000000
623.00000000  0.22927491  -0.22532751  0.00000000
624.00000000  0.22596438  -0.22219455  0.00000000
625.00000000  0.22221823  -0.21863355  0.00000000
626.00000000  0.21838298  -0.21497366  0.00000000
627.00000000  0.21481770  -0.21155976  0.00000000
628.00000000  0.21184443  -0.20870388  0.00000000
629.00000000  0.20970149  -0.20663877  0.00000000
630.00000000  0.20851129  -0.20548572  0.00000000
631.00000000  0.20826459  -0.20523882  0.00000000
632.00000000  0.20882851  -0.20577222  0.00000000
633.00000000  0.20997623  -0.20686865  0.00000000
634.00000000  0.21142307  -0.20825493  0.00000000
635.00000000  0.21285968  -0.20963445  0.00000000
636.00000000  0.21397924  -0.21071315  0.00000000
637.00000000  0.21448983  -0.21121177  0.00000000
638.00000000  0.21411419  -0.21086471  0.00000000
639.00000000  0.21258599  -0.20941581  0.00000000
640.00000000  0.20965090  -0.20661838  0.00000000
641.00000000  0.20509212  -0.20225887  0.00000000
642.00000000  0.19877526  -0.19619989  0.00000000
643.00000000  0.19071665  -0.18844616  0.00000000
644.00000000  0.18116926  -0.17922947  0.00000000
645.00000000  0.17069946  -0.16908638  0.00000000
646.00000000  0.16021726  -0.15889333  0.00000000
647.00000000  0.15091842  -0.14981572  0.00000000
648.00000000  0.14411396  -0.14314428  0.00000000
649.00000000  0.14095998  -0.14002723  0.00000000
650.00000000  0.14216144  -0.14117007  0.00000000
651.00000000  0.14775901  -0.14661634  0.00000000
652.00000000  0.15709299  -0.15570958  0.00000000
653.00000000  0.16896519  -0.16725858  0.00000000
654.00000000  0.18193197  -0.17983609  0.00000000
655.00000000  0.19461907  -0.19209549  0.00000000
656.00000000  0.20595923  -0.20300521  0.00000000
657.00000000  0.21530183  -0.21195196  0.00000000
658.00000000  0.22239450  -0.21871521  0.00000000
659.00000000  0.22728452  -0.22336322  0.00000000
660.00000000  0.23019342  -0.22612590  0.00000000
661.00000000  0.23140530  -0.22728440  0.00000000
662.00000000  0.23120248  -0.22710857  0.00000000
663.00000000  0.22984584  -0.22584170  0.00000000
664.00000000  0.22758651  -0.22371481  0.00000000
665.00000000  0.22468680  -0.22097042  0.00000000
666.00000000  0.22143541  -0.21787909  0.00000000
667.00000000  0.21814181  -0.21473533  0.00000000
668.00000000  0.21510835  -0.21183006  0.00000000
669.00000000  0.21259518  -0.20941599  0.00000000
670.00000000  0.21079008  -0.20767651  0.00000000
671.00000000  0.20978457  -0.20670266  0.00000000
672.00000000  0.20956677  -0.20648520  0.00000000
673.00000000  0.21003579  -0.20692794  0.00000000
674.00000000  0.21102446  -0.20787103  0.00000000
675.00000000  0.21232305  -0.20911339  0.00000000
676.00000000  0.21370110  -0.21043415  0.00000000
677.00000000  0.21491688  -0.21160229  0.00000000
678.00000000  0.21571749  -0.21237622  0.00000000
679.00000000  0.21583322  -0.21249819  0.00000000
680.00000000  0.21497276  -0.21168908  0.00000000
681.00000000  0.21282998  -0.20965368  0.00000000
682.00000000  0.20910981  -0.20610473  0.00000000
683.00000000  0.20357895  -0.20081113  0.00000000
684.00000000  0.19613767  -0.19366638  0.00000000
685.00000000  0.18690941  -0.18477631  0.00000000
686.00000000  0.17633422  -0.17455226  0.00000000
687.00000000  0.16522497  -0.16377105  0.00000000
688.00000000  0.15475051  -0.15356497  0.00000000
689.00000000  0.14629607  -0.14529207  0.00000000
690.00000000  0.14120328  -0.14028089  0.00000000
691.00000000  0.14044808  -0.13950631  0.00000000
692.00000000  0.14435689  -0.14329915  0.00000000
693.00000000  0.15248662  -0.15122077  0.00000000
694.00000000  0.16372791  -0.16216807  0.00000000
695.00000000  0.17659208  -0.17466603  0.00000000
696.00000000  0.18956244  -0.18722303  0.00000000
697.00000000  0.20139110  -0.19862635  0.00000000
698.00000000  0.21126665  -0.20810279  0.00000000
699.00000000  0.21883224  -0.21532965  0.00000000
700.00000000  0.22409455  -0.22033736  0.00000000
701.00000000  0.22728719  -0.22336957  0.00000000
702.00000000  0.22874303  -0.22475611  0.00000000
703.00000000  0.22880125  -0.22482362  0.00000000
704.00000000  0.22776772  -0.22385959  0.00000000
705.00000000  0.22591522  -0.22211644  0.00000000
706.00000000  0.22350137  -0.21983258  0.00000000
707.00000000  0.22078396  -0.21724948  0.00000000
708.00000000  0.21802218  -0.21461371  0.00000000
709.00000000  0.21546228  -0.21216232  0.00000000
710.00000000  0.21331578  -0.21010080  0.00000000
711.00000000  0.21173668  -0.20857985  0.00000000
712.00000000  0.21080776  -0.20768118  0.00000000
713.00000000  0.21053937  -0.20741604  0.00000000
714.00000000  0.21087760  -0.20773332  0.00000000
715.00000000  0.21171992  -0.20853485  0.00000000
716.00000000  0.21292546  -0.20968594  0.00000000
717.00000000  0.21432191  -0.21102174  0.00000000
718.00000000  0.21570612  -0.21234854  0.00000000
719.00000000  0.21684124  -0.21344033  0.00000000
720.00000000  0.21745029  -0.21403290  0.00000000
721.00000000  0.21721727  -0.21382408  0.00000000
722.00000000  0.21579929  -0.21248436  0.00000000
723.00000000  0.21284944  -0.20967840  0.00000000
724.00000000  0.20806617  -0.20511065  0.00000000
725.00000000  0.20126078  -0.19859026  0.00000000
726.00000000  0.19244723  -0.19011734  0.00000000
727.00000000  0.18194634  -0.17998590  0.00000000
728.00000000  0.17046656  -0.16886696  0.00000000
729.00000000  0.15911442  -0.15782633  0.00000000
730.00000000  0.14929338  -0.14823359  0.00000000
731.00000000  0.14246847  -0.14153451  0.00000000
732.00000000  0.13983157  -0.13891743  0.00000000
733.00000000  0.14197059  -0.14097577  0.00000000
734.00000000  0.14867714  -0.14750756  0.00000000
735.00000000  0.15898308  -0.15755139  0.00000000
736.00000000  0.17141852  -0.16964911  0.00000000
737.00000000  0.18438187  -0.18222128  0.00000000
738.00000000  0.19648597  -0.19391316  0.00000000
739.00000000  0.20677491  -0.20380691  0.00000000
740.00000000  0.21478245  -0.21147107  0.00000000
741.00000000  0.22045982  -0.21688220  0.00000000
742.00000000  0.22403309  -0.22027838  0.00000000
743.00000000  0.22585556  -0.22201146  0.00000000
744.00000000  0.22629835  -0.22244062  0.00000000
745.00000000  0.22569238  -0.22187909  0.00000000
746.00000000  0.22431724  -0.22058707  0.00000000
747.00000000  0.22241661  -0.21879032  0.00000000
748.00000000  0.22021420  -0.21669815  0.00000000
749.00000000  0.21792422  -0.21451378  0.00000000
750.00000000  0.21574934  -0.21243200  0.00000000
751.00000000  0.21386987  -0.21062784  0.00000000
752.00000000  0.21243003  -0.20924184  0.00000000
753.00000000  0.21152496  -0.20836700  0.00000000
754.00000000  0.21119638  -0.20804444  0.00000000
755.00000000  0.21143594  -0.20826660  0.00000000
756.00000000  0.21219154  -0.20898373  0.00000000
757.00000000  0.21337131  -0.21010801  0.00000000
758.00000000  0.21484341  -0.21151371  0.00000000
759.00000000  0.21642940  -0.21303114  0.00000000
760.00000000  0.21789819  -0.21444003  0.00000000
761.00000000  0.21896662  -0.21547036  0.00000000
762.00000000  0.21930252  -0.21580492  0.00000000
763.00000000  0.21853493  -0.21508856  0.00000000
764.00000000  0.21627975  -0.21295130  0.00000000
765.00000000  0.21218523  -0.20905100  0.00000000
766.00000000  0.20599860  -0.20313609  0.00000000
767.00000000  0.19765526  -0.19513139  0.00000000
768.00000000  0.18737940  -0.18523654  0.00000000
769.00000000  0.17577390  -0.17401741  0.00000000
770.00000000  0.16385655  -0.16244856  0.00000000
771.00000000  0.15299493  -0.15185803  0.00000000
772.00000000  0.14470573  -0.14373742  0.00000000
773.00000000  0.14033243  -0.13942294  0.00000000
774.00000000  0.14068687  -0.13973205  0.00000000
775.00000000  0.14579572  -0.14470044  0.00000000
776.00000000  0.15487356  -0.15355046  0.00000000
777.00000000  0.16653733  -0.16490959  0.00000000
778.00000000  0.17917167  -0.17718139  0.00000000
779.00000000  0.19130406  -0.18892229  0.00000000
780.00000000  0.20186338  -0.19909686  0.00000000
781.00000000  0.21027590  -0.20716581  0.00000000
782.00000000  0.21641524  -0.21302900  0.00000000
783.00000000  0.22046818  -0.21688688  0.00000000
784.00000000  0.22277832  -0.21908382  0.00000000
785.00000000  0.22371927  -0.21998398  0.00000000
786.00000000  0.22362667  -0.21990725  0.00000000
787.00000000  0.22277591  -0.21911153  0.00000000
788.00000000  0.22139032  -0.21780424  0.00000000
789.00000000  0.21966375  -0.21616605  0.00000000
790.00000000  0.21778026  -0.21437089  0.00000000
791.00000000  0.21591781  -0.21258935  0.00000000
792.00000000  0.21424173  -0.21098144  0.00000000
793.00000000  0.21289398  -0.20968501  0.00000000
794.00000000  0.21198638  -0.20880842  0.00000000
795.00000000  0.21159618  -0.20842668  0.00000000
796.00000000  0.21176158  -0.20857681  0.00000000
797.00000000  0.21247700  -0.20925383  0.00000000
798.00000000  0.21368834  -0.21040641  0.00000000
799.00000000  0.21528596  -0.21193023  0.00000000
800.00000000  0.21710041  -0.21366403  0.00000000
801.00000000  0.21890077  -0.21538779  0.00000000
802.00000000  0.22039470  -0.21682310  0.00000000
803.00000000  0.22123311  -0.21763726  0.00000000
804.00000000  0.22102605  -0.21745725  0.00000000
805.00000000  0.21936750  -0.21589331  0.00000000
806.00000000  0.21587898  -0.21257901  0.00000000
807.00000000  0.21027131  -0.20722894  0.00000000
808.00000000  0.20242837  -0.19971907  0.00000000
809.00000000  0.19250074  -0.19017763  0.00000000
810.00000000  0.18099554  -0.17907596  0.00000000
811.00000000  0.16882773  -0.16728505  0.00000000
812.00000000  0.15728405  -0.15604918  0.00000000
813.00000000  0.14786138  -0.14683473  0.00000000
814.00000000  0.14197065  -0.14104156  0.00000000
815.00000000  0.14058456  -0.13964652  0.00000000
816.00000000  0.14395294  -0.14290997  0.00000000
817.00000000  0.15151386  -0.15027958  0.00000000
818.00000000  0.16204806  -0.16054615  0.00000000
819.00000000  0.17401169  -0.17218147  0.00000000
820.00000000  0.18591231  -0.18371765  0.00000000
821.00000000  0.19659555  -0.19403225  0.00000000
822.00000000  0.20537817  -0.20247477  0.00000000
823.00000000  0.21203130  -0.20884301  0.00000000
824.00000000  0.21666190  -0.21325974  0.00000000
825.00000000  0.21956341  -0.21602236  0.00000000
826.00000000  0.22108644  -0.21747512  0.00000000
827.00000000  0.22155550  -0.21793014  0.00000000
828.00000000  0.22123732  -0.21763906  0.00000000
829.00000000  0.22034207  -0.21679778  0.00000000
830.00000000  0.21904613  -0.21557057  0.00000000
831.00000000  0.21751438  -0.21411240  0.00000000
832.00000000  0.21591018  -0.21257925  0.00000000
833.00000000  0.21439308  -0.21112497  0.00000000
834.00000000  0.21311310  -0.20989434  0.00000000
835.00000000  0.21220541  -0.20901783  0.00000000
836.00000000  0.21178161  -0.20860328  0.00000000
837.00000000  0.21191931  -0.20872568  0.00000000
838.00000000  0.21264763  -0.20941351  0.00000000
839.00000000  0.21393773  -0.21063977  0.00000000
840.00000000  0.21569540  -0.21231493  0.00000000
841.00000000  0.21775314  -0.21427949  0.00000000
842.00000000  0.21987112  -0.21630505  0.00000000
843.00000000  0.22174177  -0.21809904  0.00000000
844.00000000  0.22300051  -0.21931368  0.00000000
845.00000000  0.22324519  -0.21956535  0.00000000
846.00000000  0.22206523  -0.21846081  0.00000000
847.00000000  0.21908255  -0.21563478  0.00000000
848.00000000  0.21400337  -0.21079879  0.00000000
849.00000000  0.20668757  -0.20380630  0.00000000
850.00000000  0.19723082  -0.19473355  0.00000000
851.00000000  0.18604951  -0.18396355  0.00000000
852.00000000  0.17393959  -0.17224939  0.00000000
853.00000000  0.16206500  -0.16071151  0.00000000
854.00000000  0.15183710  -0.15072772  0.00000000
855.00000000  0.14466396  -0.14369035  0.00000000
856.00000000  0.14162216  -0.14067745  0.00000000
857.00000000  0.14316343  -0.14215136  0.00000000
858.00000000  0.14897679  -0.14781202  0.00000000
859.00000000  0.15807259  -0.15667960  0.00000000
860.00000000  0.16905700  -0.16737314  0.00000000
861.00000000  0.18047860  -0.17846169  0.00000000
862.00000000  0.19112992  -0.18876512  0.00000000
863.00000000  0.20021875  -0.19752136  0.00000000
864.00000000  0.20739198  -0.20440353  0.00000000
865.00000000  0.21264893  -0.20942891  0.00000000
866.00000000  0.21620457  -0.21281998  0.00000000
867.00000000  0.21836133  -0.21487705  0.00000000
868.00000000  0.21941935  -0.21589129  0.00000000
869.00000000  0.21963356  -0.21610525  0.00000000
870.00000000  0.21920671  -0.21570911  0.00000000
871.00000000  0.21830682  -0.21485949  0.00000000
872.00000000  0.21708785  -0.21370098  0.00000000
873.00000000  0.21570475  -0.21238065  0.00000000
874.00000000  0.21431835  -0.21105255  0.00000000
875.00000000  0.21309511  -0.20987676  0.00000000
876.00000000  0.21219938  -0.20901152  0.00000000
877.00000000  0.21177760  -0.20859809  0.00000000
878.00000000  0.21193896  -0.20874201  0.00000000
879.00000000  0.21273874  -0.20949687  0.00000000
880.00000000  0.21416365  -0.21085055  0.00000000
881.00000000  0.21611987  -0.21271406  0.00000000
882.00000000  0.21842888  -0.21491745  0.00000000
883.00000000  0.22083360  -0.21721579  0.00000000
884.00000000  0.22300938  -0.21929990  0.00000000
885.00000000  0.22458336  -0.22081475  0.00000000
886.00000000  0.22515932  -0.22138250  0.00000000
887.00000000  0.22434470  -0.22062795  0.00000000
888.00000000  0.22178170  -0.21820611  0.00000000
889.00000000  0.21718948  -0.21384186  0.00000000
890.00000000  0.21042088  -0.20738344  0.00000000
891.00000000  0.20153239  -0.19887014  0.00000000
892.00000000  0.19085808  -0.18860574  0.00000000
893.00000000  0.17906851  -0.17722091  0.00000000
894.00000000  0.16717906  -0.16568884  0.00000000
895.00000000  0.15646540  -0.15525012  0.00000000
896.00000000  0.14826812  -0.14722566  0.00000000
897.00000000  0.14371273  -0.14273837  0.00000000
898.00000000  0.14342503  -0.14242250  0.00000000
899.00000000  0.14735183  -0.14623629  0.00000000
900.00000000  0.15477188  -0.15346886  0.00000000
901.00000000  0.16449778  -0.16294369  0.00000000
902.00000000  0.17518105  -0.17332846  0.00000000
903.00000000  0.18560550  -0.18342985  0.00000000
904.00000000  0.19488673  -0.19239022  0.00000000
905.00000000  0.20254029  -0.19975047  0.00000000
906.00000000  0.20843431  -0.20539835  0.00000000
907.00000000  0.21267924  -0.20945498  0.00000000
908.00000000  0.21550731  -0.21215472  0.00000000
909.00000000  0.21717995  -0.21375401  0.00000000
910.00000000  0.21793392  -0.21448065  0.00000000
911.00000000  0.21796314  -0.21451809  0.00000000
912.00000000  0.21742852  -0.21401671  0.00000000
913.00000000  0.21648052  -0.21311754  0.00000000
914.00000000  0.21527919  -0.21197186  0.00000000
915.00000000  0.21400093  -0.21074796  0.00000000
916.00000000  0.21283658  -0.20962885  0.00000000
917.00000000  0.21197991  -0.20880069  0.00000000
918.00000000  0.21160847  -0.20843455  0.00000000
919.00000000  0.21185893  -0.20866238  0.00000000
920.00000000  0.21280026  -0.20955144  0.00000000
921.00000000  0.21441671  -0.21108727  0.00000000
922.00000000  0.21659859  -0.21316567  0.00000000
923.00000000  0.21914379  -0.21559407  0.00000000
924.00000000  0.22177495  -0.21810776  0.00000000
925.00000000  0.22415963  -0.22039028  0.00000000
926.00000000  0.22593334  -0.22209471  0.00000000
927.00000000  0.22672376  -0.22286658  0.00000000
928.00000000  0.22617257  -0.22236371  0.00000000
929.00000000  0.22395977  -0.22027814  0.00000000
930.00000000  0.21983173  -0.21636188  0.00000000
931.00000000  0.21364452  -0.21046756  0.00000000
932.00000000  0.20541942  -0.20260185  0.00000000
933.00000000  0.19540772  -0.19298996  0.00000000
934.00000000  0.18415017  -0.18213718  0.00000000
935.00000000  0.17250110  -0.17085828  0.00000000
936.00000000  0.16157690  -0.16023463  0.00000000
937.00000000  0.15261383  -0.15147924  0.00000000
938.00000000  0.14673813  -0.14571087  0.00000000
939.00000000  0.14470400  -0.14368917  0.00000000
940.00000000  0.14669402  -0.14560729  0.00000000
941.00000000  0.15227012  -0.15103734  0.00000000
942.00000000  0.16049635  -0.15905331  0.00000000
943.00000000  0.17018248  -0.16847794  0.00000000
944.00000000  0.18015566  -0.17815670  0.00000000
945.00000000  0.18947236  -0.18716872  0.00000000
946.00000000  0.19752438  -0.19492941  0.00000000
947.00000000  0.20403740  -0.20118491  0.00000000
948.00000000  0.20899358  -0.20593135  0.00000000
949.00000000  0.21252833  -0.20931064  0.00000000
950.00000000  0.21483934  -0.21152006  0.00000000
951.00000000  0.21612920  -0.21275690  0.00000000
952.00000000  0.21658237  -0.21319728  0.00000000
953.00000000  0.21636574  -0.21299855  0.00000000
954.00000000  0.21564320  -0.21231472  0.00000000
955.00000000  0.21459255  -0.21131352  0.00000000
956.00000000  0.21341616  -0.21018742  0.00000000
957.00000000  0.21233635  -0.20914908  0.00000000
958.00000000  0.21157607  -0.20841263  0.00000000
959.00000000  0.21133275  -0.20816825  0.00000000
960.00000000  0.21175066  -0.20855545  0.00000000
961.00000000  0.21289392  -0.20963681  0.00000000
962.00000000  0.21472713  -0.21137950  0.00000000
963.00000000  0.21711719  -0.21365641  0.00000000
964.00000000  0.21984370  -0.21625753  0.00000000
965.00000000  0.22262102  -0.21891010  0.00000000
966.00000000  0.22512244  -0.22130306  0.00000000
967.00000000  0.22700477  -0.22311001  0.00000000
968.00000000  0.22793064  -0.22401008  0.00000000
969.00000000  0.22758549  -0.22370331  0.00000000
970.00000000  0.22568986  -0.22192134  0.00000000
971.00000000  0.22201762  -0.21844339  0.00000000
972.00000000  0.21642838  -0.21312660  0.00000000
973.00000000  0.20891398  -0.20595109  0.00000000
974.00000000  0.19965515  -0.19707564  0.00000000
975.00000000  0.18907562  -0.18689319  0.00000000
976.00000000  0.17786987  -0.17606285  0.00000000
977.00000000  0.16698439  -0.16549705  0.00000000
978.00000000  0.15751974  -0.15627120  0.00000000
979.00000000  0.15055367  -0.14945111  0.00000000
980.00000000  0.14691882  -0.14587010  0.00000000
981.00000000  0.14700183  -0.14592306  0.00000000
982.00000000  0.15064555  -0.14946257  0.00000000
983.00000000  0.15719317  -0.15584116  0.00000000
984.00000000  0.16565929  -0.16408381  0.00000000
985.00000000  0.17496218  -0.17312311  0.00000000
986.00000000  0.18413685  -0.18201280  0.00000000
987.00000000  0.19246979  -0.19006078  0.00000000
988.00000000  0.19953892  -0.19686565  0.00000000
989.00000000  0.20517844  -0.20227833  0.00000000
990.00000000  0.20940427  -0.20632520  0.00000000
991.00000000  0.21233609  -0.20913002  0.00000000
992.00000000  0.21413602  -0.21085347  0.00000000
993.00000000  0.21497919  -0.21166477  0.00000000
994.00000000  0.21504453  -0.21173407  0.00000000
995.00000000  0.21452147  -0.21124008  0.00000000
996.00000000  0.21362086  -0.21038212  0.00000000
997.00000000  0.21257839  -0.20938398  0.00000000
998.00000000  0.21164225  -0.20848291  0.00000000
999.00000000  0.21105300  -0.20790961  0.00000000
1000.00000000  0.21101378  -0.20786001  0.00000000
1001.00000000  0.21165967  -0.20846491  0.00000000
1002.00000000  0.21303517  -0.20976818  0.00000000
1003.00000000  0.21508273  -0.21171567  0.00000000
1004.00000000  0.21764734  -0.21415952  0.00000000
1005.00000000  0.22049718  -0.21687809  0.00000000
1006.00000000  0.22334847  -0.21960063  0.00000000
1007.00000000  0.22589108  -0.22203204  0.00000000
1008.00000000  0.22781321  -0.22387582  0.00000000
1009.00000000  0.22881714  -0.22484921  0.00000000
1010.00000000  0.22862989  -0.22469224  0.00000000
1011.00000000  0.22701213  -0.22317529  0.00000000
1012.00000000  0.22376926  -0.22010860  0.00000000
1013.00000000  0.21877290  -0.21536227  0.00000000
1014.00000000  0.21199545  -0.20889935  0.00000000
1015.00000000  0.20355535  -0.20082067  0.00000000
1016.00000000  0.19376576  -0.19141361  0.00000000
1017.00000000  0.18317072  -0.18119133  0.00000000
1018.00000000  0.17254359  -0.17089614  0.00000000
1019.00000000  0.16282880  -0.16144641  0.00000000
1020.00000000  0.15501820  -0.15381813  0.00000000
1021.00000000  0.14997466  -0.14887002  0.00000000
1022.00000000  0.14824633  -0.14715461  0.00000000
1023.00000000  0.14993581  -0.14878243  0.00000000
1024.00000000  0.15467711  -0.15339606  0.00000000
1025.00000000  0.16173045  -0.16026436  0.00000000
1026.00000000  0.17015743  -0.16845986  0.00000000
1027.00000000  0.17901145  -0.17705123  0.00000000
1028.00000000  0.18749063  -0.18525566  0.00000000
1029.00000000  0.19502193  -0.19252071  0.00000000
1030.00000000  0.20127887  -0.19853842  0.00000000
1031.00000000  0.20614441  -0.20320620  0.00000000
1032.00000000  0.20964779  -0.20656161  0.00000000
1033.00000000  0.21190867  -0.20872614  0.00000000
1034.00000000  0.21309839  -0.20986731  0.00000000
1035.00000000  0.21341960  -0.21017942  0.00000000
1036.00000000  0.21309918  -0.20987774  0.00000000
1037.00000000  0.21238364  -0.20919603  0.00000000
1038.00000000  0.21153457  -0.20838250  0.00000000
1039.00000000  0.21081477  -0.20768817  0.00000000
1040.00000000  0.21046714  -0.20734593  0.00000000
1041.00000000  0.21068491  -0.20754223  0.00000000
1042.00000000  0.21158504  -0.20839046  0.00000000
1043.00000000  0.21319070  -0.20991409  0.00000000
1044.00000000  0.21542549  -0.21204080  0.00000000
1045.00000000  0.21812195  -0.21461068  0.00000000
1046.00000000  0.22104518  -0.21739914  0.00000000
1047.00000000  0.22391921  -0.22014286  0.00000000
1048.00000000  0.22645473  -0.22256652  0.00000000
1049.00000000  0.22837357  -0.22440588  0.00000000
1050.00000000  0.22941948  -0.22541803  0.00000000
1051.00000000  0.22936088  -0.22538269  0.00000000
1052.00000000  0.22799738  -0.22410749  0.00000000
1053.00000000  0.22516568  -0.22143342  0.00000000
1054.00000000  0.22075200  -0.21724603  0.00000000
1055.00000000  0.21471538  -0.21149710  0.00000000
1056.00000000  0.20712361  -0.20424049  0.00000000
1057.00000000  0.19819298  -0.19567217  0.00000000
1058.00000000  0.18832311  -0.18616627  0.00000000
1059.00000000  0.17811522  -0.17629632  0.00000000
1060.00000000  0.16835156  -0.16681902  0.00000000
1061.00000000  0.15991974  -0.15860301  0.00000000
1062.00000000  0.15367974  -0.15249921  0.00000000
1063.00000000  0.15029934  -0.14917473  0.00000000
1064.00000000  0.15010884  -0.14896508  0.00000000
1065.00000000  0.15302318  -0.15179232  0.00000000
1066.00000000  0.15856099  -0.15718237  0.00000000
1067.00000000  0.16595271  -0.16437472  0.00000000
1068.00000000  0.17429914  -0.17248292  0.00000000
1069.00000000  0.18273650  -0.18065998  0.00000000
1070.00000000  0.19056334  -0.18822426  0.00000000
1071.00000000  0.19730271  -0.19471872  0.00000000
1072.00000000  0.20270281  -0.19990866  0.00000000
1073.00000000  0.20670111  -0.20374316  0.00000000
1074.00000000  0.20937666  -0.20630579  0.00000000
1075.00000000  0.21089920  -0.20776448  0.00000000
1076.00000000  0.21149278  -0.20833540  0.00000000
1077.00000000  0.21141344  -0.20826280  0.00000000
1078.00000000  0.21093476  -0.20780657  0.00000000
1079.00000000  0.21033710  -0.20723310  0.00000000
1080.00000000  0.20988908  -0.20679885  0.00000000
1081.00000000  0.20982689  -0.20672993  0.00000000
1082.00000000  0.21032965  -0.20719923  0.00000000
1083.00000000  0.21149559  -0.20830217  0.00000000
1084.00000000  0.21332665  -0.21004197  0.00000000
1085.00000000  0.21572819  -0.21232857  0.00000000
1086.00000000  0.21852271  -0.21499231  0.00000000
1087.00000000  0.22147655  -0.21780981  0.00000000
1088.00000000  0.22432968  -0.22053301  0.00000000
1089.00000000  0.22681965  -0.22291233  0.00000000
1090.00000000  0.22870170  -0.22471558  0.00000000
1091.00000000  0.22975902  -0.22573726  0.00000000
1092.00000000  0.22980441  -0.22579935  0.00000000
1093.00000000  0.22867769  -0.22474869  0.00000000
1094.00000000  0.22624518  -0.22245502  0.00000000
1095.00000000  0.22240785  -0.21881878  0.00000000
1096.00000000  0.21711238  -0.21378204  0.00000000
1097.00000000  0.21037827  -0.20735416  0.00000000
1098.00000000  0.20233256  -0.19964677  0.00000000
1099.00000000  0.19324712  -0.19091141  0.00000000
1100.00000000  0.18356666  -0.18156953  0.00000000
1101.00000000  0.17391993  -0.17222527  0.00000000
1102.00000000  0.16508085  -0.16363175  0.00000000
1103.00000000  0.15787737  -0.15660280  0.00000000
1104.00000000  0.15305680  -0.15188023  0.00000000
1105.00000000  0.15113692  -0.14998281  0.00000000
1106.00000000  0.15228343  -0.15108150  0.00000000
1107.00000000  0.15626119  -0.15494770  0.00000000
1108.00000000  0.16248073  -0.16100000  0.00000000
1109.00000000  0.17012383  -0.16843097  0.00000000
1110.00000000  0.17830642  -0.17637148  0.00000000
1111.00000000  0.18622893  -0.18404074  0.00000000
1112.00000000  0.19328111  -0.19084895  0.00000000
1113.00000000  0.19908911  -0.19644056  0.00000000
1114.00000000  0.20350477  -0.20068149  0.00000000
1115.00000000  0.20655958  -0.20361020  0.00000000
1116.00000000  0.20841050  -0.20538336  0.00000000
1117.00000000  0.20929340  -0.20622981  0.00000000
1118.00000000  0.20948656  -0.20641640  0.00000000
1119.00000000  0.20928517  -0.20622440  0.00000000
1120.00000000  0.20898288  -0.20593297  0.00000000
1121.00000000  0.20884967  -0.20579983  0.00000000
1122.00000000  0.20911010  -0.20604023  0.00000000
1123.00000000  0.20992412  -0.20680809  0.00000000
1124.00000000  0.21136762  -0.20817748  0.00000000
1125.00000000  0.21342084  -0.21013054  0.00000000
1126.00000000  0.21597239  -0.21256121  0.00000000
1127.00000000  0.21883893  -0.21529409  0.00000000
1128.00000000  0.22179262  -0.21811138  0.00000000
1129.00000000  0.22458991  -0.22078100  0.00000000
1130.00000000  0.22699840  -0.22308184  0.00000000
1131.00000000  0.22881357  -0.22482012  0.00000000
1132.00000000  0.22986287  -0.22583255  0.00000000
1133.00000000  0.23000175  -0.22598200  0.00000000
1134.00000000  0.22910710  -0.22515075  0.00000000
1135.00000000  0.22707224  -0.22323503  0.00000000
1136.00000000  0.22380681  -0.22014469  0.00000000
1137.00000000  0.21924241  -0.21580875  0.00000000
1138.00000000  0.21335113  -0.21019316  0.00000000
1139.00000000  0.20617716  -0.20333163  0.00000000
1140.00000000  0.19787996  -0.19536798  0.00000000
1141.00000000  0.18877491  -0.18659791  0.00000000
1142.00000000  0.17935814  -0.17749487  0.00000000
1143.00000000  0.17029589  -0.16870311  0.00000000
1144.00000000  0.16237052  -0.16098699  0.00000000
1145.00000000  0.15637226  -0.15512599  0.00000000
1146.00000000  0.15295066  -0.15176648  0.00000000
1147.00000000  0.15246947  -0.15127485  0.00000000
1148.00000000  0.15491116  -0.15363961  0.00000000
1149.00000000  0.15986782  -0.15846045  0.00000000
1150.00000000  0.16662695  -0.16503489  0.00000000
1151.00000000  0.17432217  -0.17251009  0.00000000
1152.00000000  0.18210202  -0.18005170  0.00000000
1153.00000000  0.18926550  -0.18697836  0.00000000
1154.00000000  0.19533707  -0.19283362  0.00000000
1155.00000000  0.20008184  -0.19739783  0.00000000
1156.00000000  0.20347495  -0.20065485  0.00000000
1157.00000000  0.20564879  -0.20273842  0.00000000
1158.00000000  0.20683767  -0.20387736  0.00000000
1159.00000000  0.20733283  -0.20435181  0.00000000
1160.00000000  0.20744628  -0.20446001  0.00000000
1161.00000000  0.20747861  -0.20448855  0.00000000
1162.00000000  0.20769559  -0.20469081  0.00000000
1163.00000000  0.20830975  -0.20527029  0.00000000
1164.00000000  0.20945928  -0.20636028  0.00000000
1165.00000000  0.21119224  -0.20800777  0.00000000
1166.00000000  0.21346293  -0.21017003  0.00000000
1167.00000000  0.21614389  -0.21272525  0.00000000
1168.00000000  0.21904787  -0.21549442  0.00000000
1169.00000000  0.22195870  -0.21827084  0.00000000
1170.00000000  0.22466181  -0.22085014  0.00000000
1171.00000000  0.22696453  -0.22304927  0.00000000
1172.00000000  0.22870535  -0.22471534  0.00000000
1173.00000000  0.22975419  -0.22572561  0.00000000
1174.00000000  0.23000583  -0.22598042  0.00000000
1175.00000000  0.22936462  -0.22538857  0.00000000
1176.00000000  0.22773856  -0.22386087  0.00000000
1177.00000000  0.22503456  -0.22130576  0.00000000
1178.00000000  0.22116239  -0.21763261  0.00000000
1179.00000000  0.21605200  -0.21276835  0.00000000
1180.00000000  0.20968463  -0.20668779  0.00000000
1181.00000000  0.20213576  -0.19945483  0.00000000
1182.00000000  0.19361967  -0.19126719  0.00000000
1183.00000000  0.18452394  -0.18249165  0.00000000
1184.00000000  0.17542019  -0.17367724  0.00000000
1185.00000000  0.16703160  -0.16552663  0.00000000
1186.00000000  0.16014706  -0.15881385  0.00000000
1187.00000000  0.15548863  -0.15425399  0.00000000
1188.00000000  0.15356028  -0.15235099  0.00000000
1189.00000000  0.15452409  -0.15327169  0.00000000
1190.00000000  0.15814978  -0.15679322  0.00000000
1191.00000000  0.16386062  -0.16234800  0.00000000
1192.00000000  0.17085657  -0.16914839  0.00000000
1193.00000000  0.17827645  -0.17634919  0.00000000
1194.00000000  0.18535602  -0.18320449  0.00000000
1195.00000000  0.19153489  -0.18917267  0.00000000
1196.00000000  0.19649816  -0.19395453  0.00000000
1197.00000000  0.20016214  -0.19747645  0.00000000
1198.00000000  0.20262770  -0.19984211  0.00000000
1199.00000000  0.20412348  -0.20127530  0.00000000
1200.00000000  0.20494691  -0.20206340  0.00000000
1201.00000000  0.20541453  -0.20250992  0.00000000
1202.00000000  0.20582725  -0.20290226  0.00000000
1203.00000000  0.20644048  -0.20348440  0.00000000
1204.00000000  0.20744357  -0.20443746  0.00000000
1205.00000000  0.20894368  -0.20586447  0.00000000
1206.00000000  0.21095844  -0.20778324  0.00000000
1207.00000000  0.21341887  -0.21012832  0.00000000
1208.00000000  0.21618868  -0.21276924  0.00000000
1209.00000000  0.21908861  -0.21553493  0.00000000
1210.00000000  0.22192739  -0.21824250  0.00000000
1211.00000000  0.22452636  -0.22072181  0.00000000
1212.00000000  0.22673304  -0.22282834  0.00000000
1213.00000000  0.22842756  -0.22444892  0.00000000
1214.00000000  0.22951539  -0.22549456  0.00000000
1215.00000000  0.22991428  -0.22588784  0.00000000
1216.00000000  0.22954234  -0.22555059  0.00000000
1217.00000000  0.22831079  -0.22439733  0.00000000
1218.00000000  0.22611904  -0.22233005  0.00000000
1219.00000000  0.22286122  -0.21924424  0.00000000
1220.00000000  0.21844150  -0.21504366  0.00000000
1221.00000000  0.21280156  -0.20966598  0.00000000
1222.00000000  0.20595679  -0.20311832  0.00000000
1223.00000000  0.19804208  -0.19552207  0.00000000
1224.00000000  0.18935487  -0.18715584  0.00000000
1225.00000000  0.18037584  -0.17847851  0.00000000
1226.00000000  0.17175569  -0.17011894  0.00000000
1227.00000000  0.16425045  -0.16281550  0.00000000
1228.00000000  0.15861163  -0.15730855  0.00000000
1229.00000000  0.15543823  -0.15419418  0.00000000
1230.00000000  0.15503731  -0.15378249  0.00000000
1231.00000000  0.15734082  -0.15601254  0.00000000
1232.00000000  0.16191112  -0.16045563  0.00000000
1233.00000000  0.16803628  -0.16641168  0.00000000
1234.00000000  0.17488393  -0.17306274  0.00000000
1235.00000000  0.18166548  -0.17963725  0.00000000
1236.00000000  0.18776543  -0.18553746  0.00000000
1237.00000000  0.19280556  -0.19040075  0.00000000
1238.00000000  0.19665033  -0.19410184  0.00000000
1239.00000000  0.19936778  -0.19671221  0.00000000
1240.00000000  0.20116968  -0.19844027  0.00000000
1241.00000000  0.20234776  -0.19956847  0.00000000
1242.00000000  0.20321405  -0.20039685  0.00000000
1243.00000000  0.20405492  -0.20119955  0.00000000
1244.00000000  0.20510085  -0.20219694  0.00000000
1245.00000000  0.20650783  -0.20353819  0.00000000
1246.00000000  0.20834893  -0.20529351  0.00000000
1247.00000000  0.21061425  -0.20745385  0.00000000
1248.00000000  0.21322249  -0.20994161  0.00000000
1249.00000000  0.21604228  -0.21263118  0.00000000
1250.00000000  0.21891618  -0.21537222  0.00000000
1251.00000000  0.22168539  -0.21801308  0.00000000
1252.00000000  0.22420701  -0.22041796  0.00000000
1253.00000000  0.22636221  -0.22247450  0.00000000
1254.00000000  0.22805788  -0.22409500  0.00000000
1255.00000000  0.22921887  -0.22520891  0.00000000
1256.00000000  0.22977786  -0.22575286  0.00000000
1257.00000000  0.22966357  -0.22565909  0.00000000
1258.00000000  0.22878949  -0.22484490  0.00000000
1259.00000000  0.22705266  -0.22321051  0.00000000
1260.00000000  0.22433811  -0.22064371  0.00000000
1261.00000000  0.22053219  -0.21703187  0.00000000
1262.00000000  0.21554619  -0.21228482  0.00000000
1263.00000000  0.20935296  -0.20636955  0.00000000
1264.00000000  0.20202787  -0.19935077  0.00000000
1265.00000000  0.19379465  -0.19143544  0.00000000
1266.00000000  0.18505663  -0.18300591  0.00000000
1267.00000000  0.17639409  -0.17462018  0.00000000
1268.00000000  0.16851616  -0.16696779  0.00000000
1269.00000000  0.16216816  -0.16078021  0.00000000
1270.00000000  0.15799657  -0.15669797  0.00000000
1271.00000000  0.15640494  -0.15512612  0.00000000
1272.00000000  0.15745404  -0.15613148  0.00000000
1273.00000000  0.16083850  -0.15941772  0.00000000
1274.00000000  0.16595212  -0.16438994  0.00000000
1275.00000000  0.17202517  -0.17029178  0.00000000
1276.00000000  0.17828682  -0.17636801  0.00000000
1277.00000000  0.18410423  -0.18200187  0.00000000
1278.00000000  0.18906385  -0.18679406  0.00000000
1279.00000000  0.19298962  -0.19057862  0.00000000
1280.00000000  0.19591600  -0.19339365  0.00000000
1281.00000000  0.19802766  -0.19542126  0.00000000
1282.00000000  0.19958940  -0.19691867  0.00000000
1283.00000000  0.20088653  -0.19816074  0.00000000
1284.00000000  0.20217651  -0.19939472  0.00000000
1285.00000000  0.20365804  -0.20081073  0.00000000
1286.00000000  0.20545417  -0.20252644  0.00000000
1287.00000000  0.20760921  -0.20458430  0.00000000
1288.00000000  0.21009639  -0.20695861  0.00000000
1289.00000000  0.21283209  -0.20956957  0.00000000
1290.00000000  0.21569593  -0.21230210  0.00000000
1291.00000000  0.21855357  -0.21502779  0.00000000
1292.00000000  0.22127596  -0.21762379  0.00000000
1293.00000000  0.22374992  -0.21998276  0.00000000
1294.00000000  0.22588514  -0.22201948  0.00000000
1295.00000000  0.22761033  -0.22366707  0.00000000
1296.00000000  0.22886725  -0.22487085  0.00000000
1297.00000000  0.22959720  -0.22557594  0.00000000
1298.00000000  0.22973113  -0.22571698  0.00000000
1299.00000000  0.22918455  -0.22521321  0.00000000
1300.00000000  0.22785266  -0.22396387  0.00000000
1301.00000000  0.22561280  -0.22185007  0.00000000
1302.00000000  0.22233894  -0.21874818  0.00000000
1303.00000000  0.21792528  -0.21455218  0.00000000
1304.00000000  0.21231733  -0.20920388  0.00000000
1305.00000000  0.20555338  -0.20273241  0.00000000
1306.00000000  0.19780473  -0.19529447  0.00000000
1307.00000000  0.18940735  -0.18720672  0.00000000
1308.00000000  0.18087088  -0.17895694  0.00000000
1309.00000000  0.17284627  -0.17117548  0.00000000
1310.00000000  0.16604573  -0.16455868  0.00000000
1311.00000000  0.16112262  -0.15975152  0.00000000
1312.00000000  0.15853523  -0.15721184  0.00000000
1313.00000000  0.15843667  -0.15709810  0.00000000
1314.00000000  0.16063543  -0.15922740  0.00000000
1315.00000000  0.16463785  -0.16311722  0.00000000
1316.00000000  0.16976595  -0.16810186  0.00000000
1317.00000000  0.17530698  -0.17348246  0.00000000
1318.00000000  0.18064977  -0.17866184  0.00000000
1319.00000000  0.18537396  -0.18323231  0.00000000
1320.00000000  0.18927887  -0.18700199  0.00000000
1321.00000000  0.19236119  -0.18997121  0.00000000
1322.00000000  0.19476260  -0.19228025  0.00000000
1323.00000000  0.19670638  -0.19414648  0.00000000
1324.00000000  0.19843712  -0.19580622  0.00000000
1325.00000000  0.20017374  -0.19746996  0.00000000
1326.00000000  0.20207810  -0.19929302  0.00000000
1327.00000000  0.20424107  -0.20136224  0.00000000
1328.00000000  0.20668478  -0.20369844  0.00000000
1329.00000000  0.20937310  -0.20626700  0.00000000
1330.00000000  0.21222684  -0.20899220  0.00000000
1331.00000000  0.21514125  -0.21177381  0.00000000
1332.00000000  0.21800438  -0.21450514  0.00000000
1333.00000000  0.22071232  -0.21708734  0.00000000
1334.00000000  0.22317721  -0.21943727  0.00000000
1335.00000000  0.22532970  -0.22148971  0.00000000
1336.00000000  0.22711511  -0.22319357  0.00000000
1337.00000000  0.22848542  -0.22450420  0.00000000
1338.00000000  0.22938754  -0.22537202  0.00000000
1339.00000000  0.22975489  -0.22573392  0.00000000
1340.00000000  0.22950317  -0.22550960  0.00000000
1341.00000000  0.22852589  -0.22459710  0.00000000
1342.00000000  0.22669590  -0.22287388  0.00000000
1343.00000000  0.22387992  -0.22021006  0.00000000
1344.00000000  0.21996187  -0.21649046  0.00000000
1345.00000000  0.21487069  -0.21164177  0.00000000
1346.00000000  0.20862201  -0.20567161  0.00000000
1347.00000000  0.20135489  -0.19870606  0.00000000
1348.00000000  0.19336025  -0.19101767  0.00000000
1349.00000000  0.18508828  -0.18303584  0.00000000
1350.00000000  0.17712419  -0.17532535  0.00000000
1351.00000000  0.17012262  -0.16852416  0.00000000
1352.00000000  0.16470328  -0.16324244  0.00000000
1353.00000000  0.16133143  -0.15994336  0.00000000
1354.00000000  0.16021615  -0.15884021  0.00000000
1355.00000000  0.16126177  -0.15984543  0.00000000
1356.00000000  0.16409378  -0.16259447  0.00000000
1357.00000000  0.16814907  -0.16653566  0.00000000
1358.00000000  0.17280607  -0.17105950  0.00000000
1359.00000000  0.17750901  -0.17562215  0.00000000
1360.00000000  0.18185520  -0.17983136  0.00000000
1361.00000000  0.18563037  -0.18348034  0.00000000
1362.00000000  0.18879621  -0.18653429  0.00000000
1363.00000000  0.19144514  -0.18908510  0.00000000
1364.00000000  0.19374384  -0.19129533  0.00000000
1365.00000000  0.19588329  -0.19334976  0.00000000
1366.00000000  0.19803622  -0.19541523  0.00000000
1367.00000000  0.20032777  -0.19761169  0.00000000
1368.00000000  0.20282368  -0.20000213  0.00000000
1369.00000000  0.20553322  -0.20259503  0.00000000
1370.00000000  0.20841697  -0.20535244  0.00000000
1371.00000000  0.21139936  -0.20820223  0.00000000
1372.00000000  0.21438684  -0.21105462  0.00000000
1373.00000000  0.21728480  -0.21381959  0.00000000
1374.00000000  0.22001097  -0.21641913  0.00000000
1375.00000000  0.22249989  -0.21879165  0.00000000
1376.00000000  0.22470118  -0.22089010  0.00000000
1377.00000000  0.22657394  -0.22267659  0.00000000
1378.00000000  0.22807793  -0.22411364  0.00000000
1379.00000000  0.22916180  -0.22515324  0.00000000
1380.00000000  0.22975715  -0.22573085  0.00000000
1381.00000000  0.22977404  -0.22576125  0.00000000
1382.00000000  0.22909918  -0.22513615  0.00000000
1383.00000000  0.22760363  -0.22373155  0.00000000
1384.00000000  0.22515668  -0.22142047  0.00000000
1385.00000000  0.22164471  -0.21809077  0.00000000
1386.00000000  0.21699755  -0.21367030  0.00000000
1387.00000000  0.21122375  -0.20816056  0.00000000
1388.00000000  0.20444332  -0.20166968  0.00000000
1389.00000000  0.19691101  -0.19443557  0.00000000
1390.00000000  0.18902330  -0.18683526  0.00000000
1391.00000000  0.18129554  -0.17936467  0.00000000
1392.00000000  0.17430738  -0.17258726  0.00000000
1393.00000000  0.16861652  -0.16705066  0.00000000
1394.00000000  0.16466077  -0.16318969  0.00000000
1395.00000000  0.16267276  -0.16123976  0.00000000
1396.00000000  0.16263369  -0.16118899  0.00000000
1397.00000000  0.16428502  -0.16278766  0.00000000
1398.00000000  0.16719502  -0.16561399  0.00000000
1399.00000000  0.17085883  -0.16917312  0.00000000
1400.00000000  0.17480035  -0.17299882  0.00000000
1401.00000000  0.17865083  -0.17673078  0.00000000
1402.00000000  0.18218674  -0.18015233  0.00000000
1403.00000000  0.18533358  -0.18319190  0.00000000
1404.00000000  0.18813586  -0.18589404  0.00000000
1405.00000000  0.19071037  -0.18837284  0.00000000
1406.00000000  0.19319820  -0.19076525  0.00000000
1407.00000000  0.19572586  -0.19319318  0.00000000
1408.00000000  0.19837987  -0.19574004  0.00000000
1409.00000000  0.20119770  -0.19844158  0.00000000
1410.00000000  0.20416898  -0.20128752  0.00000000
1411.00000000  0.20724492  -0.20423104  0.00000000
1412.00000000  0.21035634  -0.20720547  0.00000000
1413.00000000  0.21342576  -0.21013720  0.00000000
1414.00000000  0.21637931  -0.21295594  0.00000000
1415.00000000  0.21915647  -0.21560444  0.00000000
1416.00000000  0.22171091  -0.21803939  0.00000000
1417.00000000  0.22400545  -0.22022638  0.00000000
1418.00000000  0.22600429  -0.22213235  0.00000000
1419.00000000  0.22766602  -0.22371884  0.00000000
1420.00000000  0.22893651  -0.22493519  0.00000000
1421.00000000  0.22974242  -0.22571245  0.00000000
1422.00000000  0.22998856  -0.22596030  0.00000000
1423.00000000  0.22955908  -0.22556831  0.00000000
1424.00000000  0.22832531  -0.22441302  0.00000000
1425.00000000  0.22616355  -0.22237423  0.00000000
1426.00000000  0.22297476  -0.21935423  0.00000000
1427.00000000  0.21870688  -0.21529841  0.00000000
1428.00000000  0.21337843  -0.21021883  0.00000000
1429.00000000  0.20710146  -0.20421648  0.00000000
1430.00000000  0.20009677  -0.19749722  0.00000000
1431.00000000  0.19269949  -0.19037876  0.00000000
1432.00000000  0.18534514  -0.18327913  0.00000000
1433.00000000  0.17852668  -0.17667666  0.00000000
1434.00000000  0.17272900  -0.17104609  0.00000000
1435.00000000  0.16834985  -0.16678117  0.00000000
1436.00000000  0.16563205  -0.16412573  0.00000000
1437.00000000  0.16462013  -0.16312951  0.00000000
1438.00000000  0.16515794  -0.16364406  0.00000000
1439.00000000  0.16693397  -0.16536617  0.00000000
1440.00000000  0.16955701  -0.16791318  0.00000000
1441.00000000  0.17263979  -0.17090580  0.00000000
1442.00000000  0.17586458  -0.17403321  0.00000000
1443.00000000  0.17902420  -0.17709319  0.00000000
1444.00000000  0.18202822  -0.17999798  0.00000000
1445.00000000  0.18488331  -0.18275434  0.00000000
1446.00000000  0.18765590  -0.18542722  0.00000000
1447.00000000  0.19043186  -0.18810001  0.00000000
1448.00000000  0.19328485  -0.19084398  0.00000000
1449.00000000  0.19625865  -0.19370098  0.00000000
1450.00000000  0.19936064  -0.19667789  0.00000000
1451.00000000  0.20256548  -0.19975008  0.00000000
1452.00000000  0.20582297  -0.20286937  0.00000000
1453.00000000  0.20907015  -0.20597540  0.00000000
1454.00000000  0.21224366  -0.20900786  0.00000000
1455.00000000  0.21528886  -0.21191499  0.00000000
1456.00000000  0.21816283  -0.21465649  0.00000000
1457.00000000  0.22083303  -0.21720196  0.00000000
1458.00000000  0.22326858  -0.21952325  0.00000000
1459.00000000  0.22543061  -0.22158451  0.00000000
1460.00000000  0.22726993  -0.22333968  0.00000000
1461.00000000  0.22872293  -0.22472927  0.00000000
1462.00000000  0.22970787  -0.22567636  0.00000000
1463.00000000  0.23012453  -0.22608612  0.00000000
1464.00000000  0.22986397  -0.22585435  0.00000000
1465.00000000  0.22881590  -0.22487530  0.00000000
1466.00000000  0.22687893  -0.22305053  0.00000000
1467.00000000  0.22397558  -0.22030316  0.00000000
1468.00000000  0.22006935  -0.21659414  0.00000000
1469.00000000  0.21518220  -0.21193939  0.00000000
1470.00000000  0.20941380  -0.20642868  0.00000000
1471.00000000  0.20295537  -0.20024000  0.00000000
1472.00000000  0.19609107  -0.19364254  0.00000000
1473.00000000  0.18918352  -0.18698350  0.00000000
1474.00000000  0.18264523  -0.18066189  0.00000000
1475.00000000  0.17688639  -0.17507847  0.00000000
1476.00000000  0.17225535  -0.17057690  0.00000000
1477.00000000  0.16898237  -0.16738743  0.00000000
1478.00000000  0.16714692  -0.16559325  0.00000000
1479.00000000  0.16667278  -0.16512413  0.00000000
1480.00000000  0.16735649  -0.16578321  0.00000000
1481.00000000  0.16892044  -0.16729985  0.00000000
1482.00000000  0.17107554  -0.16939113  0.00000000
1483.00000000  0.17357315  -0.17181367  0.00000000
1484.00000000  0.17623878  -0.17439654  0.00000000
1485.00000000  0.17898160  -0.17705080  0.00000000
1486.00000000  0.18177898  -0.17975430  0.00000000
1487.00000000  0.18464863  -0.18252417  0.00000000
1488.00000000  0.18762295  -0.18539155  0.00000000
1489.00000000  0.19072525  -0.18837881  0.00000000
1490.00000000  0.19395766  -0.19148777  0.00000000
1491.00000000  0.19729836  -0.19469699  0.00000000
1492.00000000  0.20070656  -0.19796711  0.00000000
1493.00000000  0.20413214  -0.20124982  0.00000000
1494.00000000  0.20752382  -0.20449610  0.00000000
1495.00000000  0.21083421  -0.20766070  0.00000000
1496.00000000  0.21402374  -0.21070653  0.00000000
1497.00000000  0.21705830  -0.21360180  0.00000000
1498.00000000  0.21990347  -0.21631473  0.00000000
1499.00000000  0.22252037  -0.21880928  0.00000000
1500.00000000  0.22486186  -0.22104149  0.00000000
1501.00000000  0.22686945  -0.22295688  0.00000000
1502.00000000  0.22847337  -0.22448994  0.00000000
1503.00000000  0.22959229  -0.22556421  0.00000000
1504.00000000  0.23013590  -0.22609402  0.00000000
1505.00000000  0.23000713  -0.22598709  0.00000000
1506.00000000  0.22911151  -0.22515252  0.00000000
1507.00000000  0.22736828  -0.22351180  0.00000000
1508.00000000  0.22471991  -0.22100748  0.00000000
1509.00000000  0.22114526  -0.21761566  0.00000000
1510.00000000  0.21667466  -0.21336073  0.00000000
1511.00000000  0.21140184  -0.20832768  0.00000000
1512.00000000  0.20549230  -0.20267054  0.00000000
1513.00000000  0.19918410  -0.19661441  0.00000000
1514.00000000  0.19277556  -0.19044445  0.00000000
1515.00000000  0.18660291  -0.18448506  0.00000000
1516.00000000  0.18100235  -0.17906405  0.00000000
1517.00000000  0.17626432  -0.17446704  0.00000000
1518.00000000  0.17259423  -0.17089850  0.00000000
1519.00000000  0.17008872  -0.16845722  0.00000000
1520.00000000  0.16872919  -0.16712914  0.00000000
1521.00000000  0.16840187  -0.16680534  0.00000000
1522.00000000  0.16893508  -0.16731942  0.00000000
1523.00000000  0.17014039  -0.16848740  0.00000000
1524.00000000  0.17184788  -0.17014270  0.00000000
1525.00000000  0.17392954  -0.17215985  0.00000000
1526.00000000  0.17630316  -0.17445809  0.00000000
1527.00000000  0.17892431  -0.17699338  0.00000000
1528.00000000  0.18177108  -0.17974395  0.00000000
1529.00000000  0.18482673  -0.18269309  0.00000000
1530.00000000  0.18807068  -0.18582022  0.00000000
1531.00000000  0.19147205  -0.18909512  0.00000000
1532.00000000  0.19498891  -0.19247690  0.00000000
1533.00000000  0.19857213  -0.19591795  0.00000000
1534.00000000  0.20217209  -0.19937028  0.00000000
1535.00000000  0.20574225  -0.20278944  0.00000000
1536.00000000  0.20924018  -0.20613529  0.00000000
1537.00000000  0.21262734  -0.20937160  0.00000000
1538.00000000  0.21586646  -0.21246347  0.00000000
1539.00000000  0.21891661  -0.21537288  0.00000000
1540.00000000  0.22173102  -0.21805610  0.00000000
1541.00000000  0.22425409  -0.22046162  0.00000000
1542.00000000  0.22642082  -0.22252853  0.00000000
1543.00000000  0.22815847  -0.22418873  0.00000000
1544.00000000  0.22938776  -0.22536771  0.00000000
1545.00000000  0.23002747  -0.22598840  0.00000000
1546.00000000  0.22999856  -0.22597566  0.00000000
1547.00000000  0.22922812  -0.22525951  0.00000000
1548.00000000  0.22765543  -0.22378054  0.00000000
1549.00000000  0.22523981  -0.22149760  0.00000000
1550.00000000  0.22197422  -0.21840070  0.00000000
1551.00000000  0.21789706  -0.21452267  0.00000000
1552.00000000  0.21309857  -0.20994593  0.00000000
1553.00000000  0.20772564  -0.20480707  0.00000000
1554.00000000  0.20197903  -0.19929576  0.00000000
1555.00000000  0.19610189  -0.19364429  0.00000000
1556.00000000  0.19035806  -0.18810688  0.00000000
1557.00000000  0.18500838  -0.18293695  0.00000000
1558.00000000  0.18028215  -0.17835952  0.00000000
1559.00000000  0.17635216  -0.17454585  0.00000000
1560.00000000  0.17331912  -0.17159750  0.00000000
1561.00000000  0.17120871  -0.16954286  0.00000000
1562.00000000  0.16998208  -0.16834643  0.00000000
1563.00000000  0.16956052  -0.16793257  0.00000000
1564.00000000  0.16984873  -0.16820873  0.00000000
1565.00000000  0.17075211  -0.16908269  0.00000000
1566.00000000  0.17218812  -0.17047337  0.00000000
1567.00000000  0.17408989  -0.17231488  0.00000000
1568.00000000  0.17640457  -0.17455491  0.00000000
1569.00000000  0.17908445  -0.17714640  0.00000000
1570.00000000  0.18208179  -0.18004203  0.00000000
1571.00000000  0.18534532  -0.18319121  0.00000000
1572.00000000  0.18881993  -0.18654008  0.00000000
1573.00000000  0.19244978  -0.19003396  0.00000000
1574.00000000  0.19618115  -0.19362044  0.00000000
1575.00000000  0.19996232  -0.19724962  0.00000000
1576.00000000  0.20374249  -0.20087296  0.00000000
1577.00000000  0.20747282  -0.20444359  0.00000000
1578.00000000  0.21110530  -0.20791635  0.00000000
1579.00000000  0.21458939  -0.21124373  0.00000000
1580.00000000  0.21787067  -0.21437471  0.00000000
1581.00000000  0.22089152  -0.21725546  0.00000000
1582.00000000  0.22359137  -0.21982947  0.00000000
1583.00000000  0.22590396  -0.22203512  0.00000000
1584.00000000  0.22775868  -0.22380640  0.00000000
1585.00000000  0.22908354  -0.22507563  0.00000000
1586.00000000  0.22980726  -0.22577557  0.00000000
1587.00000000  0.22986338  -0.22584306  0.00000000
1588.00000000  0.22919746  -0.22522539  0.00000000
1589.00000000  0.22776835  -0.22388226  0.00000000
1590.00000000  0.22555655  -0.22179277  0.00000000
1591.00000000  0.22257461  -0.21896610  0.00000000
1592.00000000  0.21887113  -0.21544549  0.00000000
1593.00000000  0.21453400  -0.21131159  0.00000000
1594.00000000  0.20969094  -0.20668355  0.00000000
1595.00000000  0.20450577  -0.20171583  0.00000000
1596.00000000  0.19916868  -0.19658981  0.00000000
1597.00000000  0.19388008  -0.19149838  0.00000000
1598.00000000  0.18883333  -0.18662892  0.00000000
1599.00000000  0.18420129  -0.18215039  0.00000000
1600.00000000  0.18012427  -0.17820127  0.00000000
1601.00000000  0.17670104  -0.17488036  0.00000000
1602.00000000  0.17398919  -0.17224585  0.00000000
1603.00000000  0.17200956  -0.17032017  0.00000000
1604.00000000  0.17075655  -0.16909929  0.00000000
1605.00000000  0.17020714  -0.16856171  0.00000000
1606.00000000  0.17032686  -0.16867426  0.00000000
1607.00000000  0.17107743  -0.16939917  0.00000000
1608.00000000  0.17241506  -0.17069365  0.00000000
1609.00000000  0.17428988  -0.17250836  0.00000000
1610.00000000  0.17664789  -0.17478982  0.00000000
1611.00000000  0.17943178  -0.17748134  0.00000000
1612.00000000  0.18258029  -0.18052256  0.00000000
1613.00000000  0.18602920  -0.18385005  0.00000000
1614.00000000  0.18971391  -0.18740049  0.00000000
1615.00000000  0.19357216  -0.19111282  0.00000000
1616.00000000  0.19754007  -0.19492528  0.00000000
1617.00000000  0.20155296  -0.19877523  0.00000000
1618.00000000  0.20554467  -0.20259947  0.00000000
1619.00000000  0.20945036  -0.20633593  0.00000000
1620.00000000  0.21320432  -0.20992284  0.00000000
1621.00000000  0.21673903  -0.21329667  0.00000000
1622.00000000  0.21998508  -0.21639258  0.00000000
1623.00000000  0.22287391  -0.21914645  0.00000000
1624.00000000  0.22533771  -0.22149518  0.00000000
1625.00000000  0.22730644  -0.22337364  0.00000000
1626.00000000  0.22871324  -0.22471915  0.00000000
1627.00000000  0.22949962  -0.22547664  0.00000000
1628.00000000  0.22961745  -0.22560063  0.00000000
1629.00000000  0.22903119  -0.22505674  0.00000000
1630.00000000  0.22772285  -0.22382659  0.00000000
1631.00000000  0.22569691  -0.22191262  0.00000000
1632.00000000  0.22298273  -0.21934049  0.00000000
1633.00000000  0.21963671  -0.21616137  0.00000000
1634.00000000  0.21574381  -0.21245344  0.00000000
1635.00000000  0.21141320  -0.20831889  0.00000000
1636.00000000  0.20677274  -0.20387818  0.00000000
1637.00000000  0.20196150  -0.19926342  0.00000000
1638.00000000  0.19712280  -0.19461223  0.00000000
1639.00000000  0.19239716  -0.19006032  0.00000000
1640.00000000  0.18791375  -0.18573335  0.00000000
1641.00000000  0.18378551  -0.18174218  0.00000000
1642.00000000  0.18010832  -0.17818145  0.00000000
1643.00000000  0.17695995  -0.17512855  0.00000000
1644.00000000  0.17439890  -0.17264210  0.00000000
1645.00000000  0.17246602  -0.17076324  0.00000000
1646.00000000  0.17118593  -0.16951713  0.00000000
1647.00000000  0.17056873  -0.16891432  0.00000000
1648.00000000  0.17061280  -0.16895363  0.00000000
1649.00000000  0.17130244  -0.16961990  0.00000000
1650.00000000  0.17261022  -0.17088576  0.00000000
1651.00000000  0.17449827  -0.17271376  0.00000000
1652.00000000  0.17692028  -0.17505783  0.00000000
1653.00000000  0.17982197  -0.17786407  0.00000000
1654.00000000  0.18314159  -0.18107130  0.00000000
1655.00000000  0.18680939  -0.18461080  0.00000000
1656.00000000  0.19075061  -0.18840903  0.00000000
1657.00000000  0.19488585  -0.19238846  0.00000000
1658.00000000  0.19913396  -0.19647008  0.00000000
1659.00000000  0.20341063  -0.20057265  0.00000000
1660.00000000  0.20762873  -0.20461269  0.00000000
1661.00000000  0.21170014  -0.20850614  0.00000000
1662.00000000  0.21553698  -0.21217002  0.00000000
1663.00000000  0.21905403  -0.21552399  0.00000000
1664.00000000  0.22216943  -0.21849182  0.00000000
1665.00000000  0.22480637  -0.22100180  0.00000000
1666.00000000  0.22689621  -0.22299023  0.00000000
1667.00000000  0.22838211  -0.22440436  0.00000000
1668.00000000  0.22921982  -0.22520332  0.00000000
1669.00000000  0.22938077  -0.22536029  0.00000000
1670.00000000  0.22885308  -0.22486402  0.00000000
1671.00000000  0.22764385  -0.22372051  0.00000000
1672.00000000  0.22578025  -0.22195420  0.00000000
1673.00000000  0.22330880  -0.21960777  0.00000000
1674.00000000  0.22029153  -0.21673843  0.00000000
1675.00000000  0.21680368  -0.21341589  0.00000000
1676.00000000  0.21293260  -0.20972158  0.00000000
1677.00000000  0.20877458  -0.20574620  0.00000000
1678.00000000  0.20442986  -0.20158450  0.00000000
1679.00000000  0.20000000  -0.19733334  0.00000000
