# x | height h | flow rates qx | qz
0.00000000  0.14168984  -0.14070354  0.00000000
1.00000000  0.15430628  -0.15302910  0.00000000
2.00000000  0.16692272  -0.16535465  0.00000000
3.00000000  0.17941587  -0.17750870  0.00000000
4.00000000  0.18731527  -0.18515357  0.00000000
5.00000000  0.19311263  -0.19076553  0.00000000
6.00000000  0.19308120  -0.19070753  0.00000000
7.00000000  0.19016278  -0.18788256  0.00000000
8.00000000  0.18326986  -0.18121351  0.00000000
9.00000000  0.17531852  -0.17351931  0.00000000
10.00000000  0.16752560  -0.16596060  0.00000000
11.00000000  0.16247861  -0.16103186  0.00000000
12.00000000  0.16193110  -0.16044492  0.00000000
13.00000000  0.16698568  -0.16527554  0.00000000
14.00000000  0.17772523  -0.17560473  0.00000000
15.00000000  0.19288760  -0.19018401  0.00000000
16.00000000  0.21062468  -0.20719296  0.00000000
17.00000000  0.22865863  -0.22440800  0.00000000
18.00000000  0.24517880  -0.24008706  0.00000000
19.00000000  0.25891429  -0.25303778  0.00000000
20.00000000  0.26939812  -0.26286012  0.00000000
21.00000000  0.27666351  -0.26963761  0.00000000
22.00000000  0.28107673  -0.27376118  0.00000000
23.00000000  0.28299671  -0.27559486  0.00000000
24.00000000  0.28267518  -0.27537903  0.00000000
25.00000000  0.28015912  -0.27314088  0.00000000
26.00000000  0.27538842  -0.26879480  0.00000000
27.00000000  0.26827773  -0.26222759  0.00000000
28.00000000  0.25882947  -0.25341156  0.00000000
29.00000000  0.24719605  -0.24246691  0.00000000
30.00000000  0.23366891  -0.22965242  0.00000000
31.00000000  0.21863918  -0.21532719  0.00000000
32.00000000  0.20253783  -0.19989204  0.00000000
33.00000000  0.18583646  -0.18379180  0.00000000
34.00000000  0.16909578  -0.16756497  0.00000000
35.00000000  0.15306777  -0.15194672  0.00000000
36.00000000  0.13878733  -0.13796221  0.00000000
37.00000000  0.12755315  -0.12691030  0.00000000
38.00000000  0.12073563  -0.12017069  0.00000000
39.00000000  0.11941209  -0.11883308  0.00000000
40.00000000  0.12395421  -0.12327625  0.00000000
41.00000000  0.13374957  -0.13288833  0.00000000
42.00000000  0.14719529  -0.14607005  0.00000000
43.00000000  0.16198656  -0.16053677  0.00000000
44.00000000  0.17561056  -0.17381945  0.00000000
45.00000000  0.18587367  -0.18378747  0.00000000
46.00000000  0.19131505  -0.18904485  0.00000000
47.00000000  0.19143446  -0.18913610  0.00000000
48.00000000  0.18672954  -0.18456484  0.00000000
49.00000000  0.17859818  -0.17668705  0.00000000
50.00000000  0.16914363  -0.16752441  0.00000000
51.00000000  0.16087709  -0.15949124  0.00000000
52.00000000  0.15629052  -0.15499833  0.00000000
53.00000000  0.15730579  -0.15592258  0.00000000
54.00000000  0.16474432  -0.16307317  0.00000000
55.00000000  0.17805551  -0.17590603  0.00000000
56.00000000  0.19547558  -0.19267814  0.00000000
57.00000000  0.21457431  -0.21100043  0.00000000
58.00000000  0.23295298  -0.22853874  0.00000000
59.00000000  0.24881035  -0.24357162  0.00000000
60.00000000  0.26119620  -0.25522819  0.00000000
61.00000000  0.26995257  -0.26341197  0.00000000
62.00000000  0.27544430  -0.26852357  0.00000000
63.00000000  0.27823293  -0.27113286  0.00000000
64.00000000  0.27881896  -0.27172732  0.00000000
65.00000000  0.27751777  -0.27059585  0.00000000
66.00000000  0.27446955  -0.26784623  0.00000000
67.00000000  0.26973033  -0.26350102  0.00000000
68.00000000  0.26337177  -0.25760230  0.00000000
69.00000000  0.25553596  -0.25026783  0.00000000
70.00000000  0.24641429  -0.24167156  0.00000000
71.00000000  0.23616338  -0.23196028  0.00000000
72.00000000  0.22481734  -0.22116438  0.00000000
73.00000000  0.21226084  -0.20916656  0.00000000
74.00000000  0.19830720  -0.19577505  0.00000000
75.00000000  0.18289964  -0.18091738  0.00000000
76.00000000  0.16639017  -0.16491587  0.00000000
77.00000000  0.14979009  -0.14874148  0.00000000
78.00000000  0.13483772  -0.13409452  0.00000000
79.00000000  0.12374382  -0.12316742  0.00000000
80.00000000  0.11859503  -0.11805366  0.00000000
81.00000000  0.12058716  -0.11996879  0.00000000
82.00000000  0.12943937  -0.12864637  0.00000000
83.00000000  0.14330354  -0.14224726  0.00000000
84.00000000  0.15921789  -0.15783170  0.00000000
85.00000000  0.17389950  -0.17216580  0.00000000
86.00000000  0.18456317  -0.18253593  0.00000000
87.00000000  0.18950261  -0.18730870  0.00000000
88.00000000  0.18833435  -0.18614675  0.00000000
89.00000000  0.18194509  -0.17993425  0.00000000
90.00000000  0.17225249  -0.17053077  0.00000000
91.00000000  0.16186555  -0.16044728  0.00000000
92.00000000  0.15366042  -0.15245561  0.00000000
93.00000000  0.15024862  -0.14909203  0.00000000
94.00000000  0.15336548  -0.15205958  0.00000000
95.00000000  0.16336459  -0.16171046  0.00000000
96.00000000  0.17908743  -0.17689872  0.00000000
97.00000000  0.19823122  -0.19534861  0.00000000
98.00000000  0.21806277  -0.21437739  0.00000000
99.00000000  0.23617002  -0.23164721  0.00000000
100.00000000  0.25096399  -0.24565424  0.00000000
101.00000000  0.26181850  -0.25584885  0.00000000
102.00000000  0.26889524  -0.26244497  0.00000000
103.00000000  0.27280304  -0.26607239  0.00000000
104.00000000  0.27425817  -0.26743919  0.00000000
105.00000000  0.27385461  -0.26711056  0.00000000
106.00000000  0.27198479  -0.26543900  0.00000000
107.00000000  0.26888433  -0.26261881  0.00000000
108.00000000  0.26471910  -0.25878069  0.00000000
109.00000000  0.25965145  -0.25406188  0.00000000
110.00000000  0.25383654  -0.24860555  0.00000000
111.00000000  0.24734609  -0.24248487  0.00000000
112.00000000  0.24007149  -0.23560299  0.00000000
113.00000000  0.23166315  -0.22762853  0.00000000
114.00000000  0.22156698  -0.21802406  0.00000000
115.00000000  0.20919482  -0.20620653  0.00000000
116.00000000  0.19421305  -0.19182596  0.00000000
117.00000000  0.17689219  -0.17510909  0.00000000
118.00000000  0.15839957  -0.15715681  0.00000000
119.00000000  0.14086328  -0.14002860  0.00000000
120.00000000  0.12705146  -0.12645155  0.00000000
121.00000000  0.11963268  -0.11909801  0.00000000
122.00000000  0.12021248  -0.11960652  0.00000000
123.00000000  0.12858315  -0.12779954  0.00000000
124.00000000  0.14261100  -0.14156109  0.00000000
125.00000000  0.15884167  -0.15746289  0.00000000
126.00000000  0.17351577  -0.17179917  0.00000000
127.00000000  0.18356180  -0.18157488  0.00000000
128.00000000  0.18724602  -0.18513073  0.00000000
129.00000000  0.18439224  -0.18233158  0.00000000
130.00000000  0.17625259  -0.17441455  0.00000000
131.00000000  0.16517527  -0.16365409  0.00000000
132.00000000  0.15416963  -0.15295021  0.00000000
133.00000000  0.14637926  -0.14534186  0.00000000
134.00000000  0.14443970  -0.14340089  0.00000000
135.00000000  0.14980765  -0.14856601  0.00000000
136.00000000  0.16230886  -0.16066889  0.00000000
137.00000000  0.18017705  -0.17795940  0.00000000
138.00000000  0.20063226  -0.19769020  0.00000000
139.00000000  0.22073852  -0.21698511  0.00000000
140.00000000  0.23817027  -0.23360087  0.00000000
141.00000000  0.25162941  -0.24632600  0.00000000
142.00000000  0.26085633  -0.25497067  0.00000000
143.00000000  0.26633888  -0.26006198  0.00000000
144.00000000  0.26891589  -0.26244274  0.00000000
145.00000000  0.26943341  -0.26293463  0.00000000
146.00000000  0.26855192  -0.26215574  0.00000000
147.00000000  0.26670617  -0.26049384  0.00000000
148.00000000  0.26416731  -0.25817761  0.00000000
149.00000000  0.26112342  -0.25536585  0.00000000
150.00000000  0.25771219  -0.25218266  0.00000000
151.00000000  0.25398067  -0.24867862  0.00000000
152.00000000  0.24980246  -0.24474479  0.00000000
153.00000000  0.24480048  -0.24003160  0.00000000
154.00000000  0.23833342  -0.23392892  0.00000000
155.00000000  0.22959550  -0.22565618  0.00000000
156.00000000  0.21784504  -0.21447858  0.00000000
157.00000000  0.20271912  -0.20001130  0.00000000
158.00000000  0.18458235  -0.18256116  0.00000000
159.00000000  0.16480541  -0.16341196  0.00000000
160.00000000  0.14580168  -0.14488772  0.00000000
161.00000000  0.13065620  -0.13001867  0.00000000
162.00000000  0.12229554  -0.12173551  0.00000000
163.00000000  0.12242012  -0.12178333  0.00000000
164.00000000  0.13069937  -0.12987454  0.00000000
165.00000000  0.14470488  -0.14360718  0.00000000
166.00000000  0.16064423  -0.15922134  0.00000000
167.00000000  0.17451362  -0.17277221  0.00000000
168.00000000  0.18317321  -0.18119954  0.00000000
169.00000000  0.18501300  -0.18296476  0.00000000
170.00000000  0.18013352  -0.17819919  0.00000000
171.00000000  0.17015097  -0.16848788  0.00000000
172.00000000  0.15779316  -0.15646946  0.00000000
173.00000000  0.14639169  -0.14535870  0.00000000
174.00000000  0.13926283  -0.13837405  0.00000000
175.00000000  0.13896427  -0.13802610  0.00000000
176.00000000  0.14658004  -0.14539467  0.00000000
177.00000000  0.16135944  -0.15973945  0.00000000
178.00000000  0.18096016  -0.17873558  0.00000000
179.00000000  0.20222677  -0.19926578  0.00000000
180.00000000  0.22214878  -0.21838662  0.00000000
181.00000000  0.23859788  -0.23405664  0.00000000
182.00000000  0.25062817  -0.24541384  0.00000000
183.00000000  0.25835082  -0.25262916  0.00000000
184.00000000  0.26254910  -0.25650957  0.00000000
185.00000000  0.26424360  -0.25806379  0.00000000
186.00000000  0.26436028  -0.25818077  0.00000000
187.00000000  0.26357442  -0.25748593  0.00000000
188.00000000  0.26230738  -0.25635284  0.00000000
189.00000000  0.26080084  -0.25498664  0.00000000
190.00000000  0.25918588  -0.25349978  0.00000000
191.00000000  0.25749269  -0.25192285  0.00000000
192.00000000  0.25560278  -0.25015464  0.00000000
193.00000000  0.25318056  -0.24788928  0.00000000
194.00000000  0.24963948  -0.24457701  0.00000000
195.00000000  0.24417540  -0.23945031  0.00000000
196.00000000  0.23590329  -0.23165013  0.00000000
197.00000000  0.22409897  -0.22045550  0.00000000
198.00000000  0.20851074  -0.20558305  0.00000000
199.00000000  0.18968777  -0.18751054  0.00000000
200.00000000  0.16922165  -0.16772759  0.00000000
201.00000000  0.14973557  -0.14875646  0.00000000
202.00000000  0.13445331  -0.13376297  0.00000000
203.00000000  0.12630497  -0.12568632  0.00000000
204.00000000  0.12682630  -0.12611553  0.00000000
205.00000000  0.13539575  -0.13448019  0.00000000
206.00000000  0.14927271  -0.14807437  0.00000000
207.00000000  0.16444606  -0.16292806  0.00000000
208.00000000  0.17686434  -0.17505550  0.00000000
209.00000000  0.18351981  -0.18152925  0.00000000
210.00000000  0.18306752  -0.18106860  0.00000000
211.00000000  0.17593986  -0.17412171  0.00000000
212.00000000  0.16409826  -0.16260035  0.00000000
213.00000000  0.15058844  -0.14944649  0.00000000
214.00000000  0.13897738  -0.13810818  0.00000000
215.00000000  0.13264789  -0.13188395  0.00000000
216.00000000  0.13397290  -0.13311915  0.00000000
217.00000000  0.14359744  -0.14246602  0.00000000
218.00000000  0.16020392  -0.15861912  0.00000000
219.00000000  0.18096721  -0.17877063  0.00000000
220.00000000  0.20250414  -0.19957885  0.00000000
221.00000000  0.22186971  -0.21817045  0.00000000
222.00000000  0.23721771  -0.23278569  0.00000000
223.00000000  0.24796747  -0.24292096  0.00000000
224.00000000  0.25455630  -0.24906148  0.00000000
225.00000000  0.25798631  -0.25221932  0.00000000
226.00000000  0.25937551  -0.25348920  0.00000000
227.00000000  0.25965917  -0.25376165  0.00000000
228.00000000  0.25947481  -0.25362396  0.00000000
229.00000000  0.25918508  -0.25339597  0.00000000
230.00000000  0.25895268  -0.25321409  0.00000000
231.00000000  0.25879991  -0.25309399  0.00000000
232.00000000  0.25861573  -0.25293672  0.00000000
233.00000000  0.25811827  -0.25248772  0.00000000
234.00000000  0.25681114  -0.25128794  0.00000000
235.00000000  0.25398108  -0.24866514  0.00000000
236.00000000  0.24876940  -0.24379727  0.00000000
237.00000000  0.24032547  -0.23585603  0.00000000
238.00000000  0.22804315  -0.22423027  0.00000000
239.00000000  0.21185878  -0.20881297  0.00000000
240.00000000  0.19255698  -0.19030318  0.00000000
241.00000000  0.17196025  -0.17041169  0.00000000
242.00000000  0.15284872  -0.15181501  0.00000000
243.00000000  0.13844815  -0.13768682  0.00000000
244.00000000  0.13147885  -0.13076572  0.00000000
245.00000000  0.13309196  -0.13226204  0.00000000
246.00000000  0.14223640  -0.14118002  0.00000000
247.00000000  0.15585972  -0.15450943  0.00000000
248.00000000  0.16986376  -0.16820295  0.00000000
249.00000000  0.18033937  -0.17842375  0.00000000
250.00000000  0.18458074  -0.18254454  0.00000000
251.00000000  0.18161091  -0.17964101  0.00000000
252.00000000  0.17221622  -0.17049657  0.00000000
253.00000000  0.15865235  -0.15729828  0.00000000
254.00000000  0.14418299  -0.14319475  0.00000000
255.00000000  0.13248882  -0.13175195  0.00000000
256.00000000  0.12690710  -0.12624145  0.00000000
257.00000000  0.12955581  -0.12877305  0.00000000
258.00000000  0.14064935  -0.13957649  0.00000000
259.00000000  0.15840942  -0.15688412  0.00000000
260.00000000  0.17969622  -0.17757188  0.00000000
261.00000000  0.20105746  -0.19822995  0.00000000
262.00000000  0.21970999  -0.21614660  0.00000000
263.00000000  0.23410113  -0.22985141  0.00000000
264.00000000  0.24395560  -0.23913789  0.00000000
265.00000000  0.24994057  -0.24470998  0.00000000
266.00000000  0.25317544  -0.24768724  0.00000000
267.00000000  0.25479969  -0.24917954  0.00000000
268.00000000  0.25570926  -0.25003731  0.00000000
269.00000000  0.25647101  -0.25078139  0.00000000
270.00000000  0.25735822  -0.25165078  0.00000000
271.00000000  0.25842893  -0.25268778  0.00000000
272.00000000  0.25958252  -0.25379571  0.00000000
273.00000000  0.26056799  -0.25474495  0.00000000
274.00000000  0.26096639  -0.25515014  0.00000000
275.00000000  0.26017395  -0.25444907  0.00000000
276.00000000  0.25742665  -0.25191924  0.00000000
277.00000000  0.25189084  -0.24676004  0.00000000
278.00000000  0.24282473  -0.23824416  0.00000000
279.00000000  0.22981013  -0.22593632  0.00000000
280.00000000  0.21303253  -0.20996416  0.00000000
281.00000000  0.19354801  -0.19128661  0.00000000
282.00000000  0.17340763  -0.17183834  0.00000000
283.00000000  0.15547693  -0.15438823  0.00000000
284.00000000  0.14282958  -0.14197174  0.00000000
285.00000000  0.13778085  -0.13693304  0.00000000
286.00000000  0.14092770  -0.13993144  0.00000000
287.00000000  0.15072159  -0.14947508  0.00000000
288.00000000  0.16386123  -0.16231219  0.00000000
289.00000000  0.17632176  -0.17447838  0.00000000
290.00000000  0.18452381  -0.18247083  0.00000000
291.00000000  0.18620193  -0.18409689  0.00000000
292.00000000  0.18078981  -0.17882791  0.00000000
293.00000000  0.16937718  -0.16773118  0.00000000
294.00000000  0.15440007  -0.15315758  0.00000000
295.00000000  0.13920002  -0.13832764  0.00000000
296.00000000  0.12744012  -0.12679958  0.00000000
297.00000000  0.12232410  -0.12173113  0.00000000
298.00000000  0.12571055  -0.12498957  0.00000000
299.00000000  0.13748735  -0.13648251  0.00000000
300.00000000  0.15560089  -0.15416385  0.00000000
301.00000000  0.17679371  -0.17478874  0.00000000
302.00000000  0.19768144  -0.19501239  0.00000000
303.00000000  0.21567839  -0.21231635  0.00000000
304.00000000  0.22946565  -0.22545715  0.00000000
305.00000000  0.23895743  -0.23440927  0.00000000
306.00000000  0.24492507  -0.23997319  0.00000000
307.00000000  0.24851108  -0.24328680  0.00000000
308.00000000  0.25082019  -0.24542461  0.00000000
309.00000000  0.25267947  -0.24717200  0.00000000
310.00000000  0.25457168  -0.24897297  0.00000000
311.00000000  0.25667486  -0.25098100  0.00000000
312.00000000  0.25893867  -0.25313923  0.00000000
313.00000000  0.26113984  -0.25523713  0.00000000
314.00000000  0.26290360  -0.25692782  0.00000000
315.00000000  0.26370779  -0.25772703  0.00000000
316.00000000  0.26289430  -0.25701872  0.00000000
317.00000000  0.25971434  -0.25409228  0.00000000
318.00000000  0.25342467  -0.24823123  0.00000000
319.00000000  0.24345322  -0.23886563  0.00000000
320.00000000  0.22962385  -0.22578719  0.00000000
321.00000000  0.21241309  -0.20940004  0.00000000
322.00000000  0.19315976  -0.19093773  0.00000000
323.00000000  0.17410110  -0.17252427  0.00000000
324.00000000  0.15807758  -0.15691867  0.00000000
325.00000000  0.14784546  -0.14685749  0.00000000
326.00000000  0.14514151  -0.14411686  0.00000000
327.00000000  0.14991638  -0.14870924  0.00000000
328.00000000  0.16016465  -0.15868638  0.00000000
329.00000000  0.17248876  -0.17070636  0.00000000
330.00000000  0.18312497  -0.18107343  0.00000000
331.00000000  0.18896985  -0.18676092  0.00000000
332.00000000  0.18825582  -0.18606485  0.00000000
333.00000000  0.18078844  -0.17881188  0.00000000
334.00000000  0.16784334  -0.16623826  0.00000000
335.00000000  0.15188168  -0.15070857  0.00000000
336.00000000  0.13616259  -0.13536179  0.00000000
337.00000000  0.12421117  -0.12363018  0.00000000
338.00000000  0.11906251  -0.11852016  0.00000000
339.00000000  0.12239581  -0.12173086  0.00000000
340.00000000  0.13395129  -0.13302462  0.00000000
341.00000000  0.15161978  -0.15029694  0.00000000
342.00000000  0.17220420  -0.17035872  0.00000000
343.00000000  0.19246563  -0.19000472  0.00000000
344.00000000  0.20998959  -0.20687981  0.00000000
345.00000000  0.22359189  -0.21986693  0.00000000
346.00000000  0.23325364  -0.22899984  0.00000000
347.00000000  0.23974389  -0.23507270  0.00000000
348.00000000  0.24415265  -0.23917070  0.00000000
349.00000000  0.24750605  -0.24229370  0.00000000
350.00000000  0.25054374  -0.24514706  0.00000000
351.00000000  0.25365528  -0.24809119  0.00000000
352.00000000  0.25691950  -0.25118947  0.00000000
353.00000000  0.26017818  -0.25428614  0.00000000
354.00000000  0.26309878  -0.25706804  0.00000000
355.00000000  0.26521564  -0.25910148  0.00000000
356.00000000  0.26595184  -0.25984868  0.00000000
357.00000000  0.26464999  -0.25869155  0.00000000
358.00000000  0.26063368  -0.25498554  0.00000000
359.00000000  0.25330999  -0.24815236  0.00000000
360.00000000  0.24233268  -0.23783317  0.00000000
361.00000000  0.22780955  -0.22408763  0.00000000
362.00000000  0.21051894  -0.20761023  0.00000000
363.00000000  0.19204484  -0.18987817  0.00000000
364.00000000  0.17470379  -0.17310709  0.00000000
365.00000000  0.16115153  -0.15989220  0.00000000
366.00000000  0.15366299  -0.15250807  0.00000000
367.00000000  0.15331416  -0.15207538  0.00000000
368.00000000  0.15945090  -0.15799941  0.00000000
369.00000000  0.16976051  -0.16802444  0.00000000
370.00000000  0.18094558  -0.17891337  0.00000000
371.00000000  0.18966280  -0.18739446  0.00000000
372.00000000  0.19334906  -0.19097742  0.00000000
373.00000000  0.19069943  -0.18840936  0.00000000
374.00000000  0.18178128  -0.17976414  0.00000000
375.00000000  0.16790856  -0.16630433  0.00000000
376.00000000  0.15141302  -0.15026107  0.00000000
377.00000000  0.13534215  -0.13456665  0.00000000
378.00000000  0.12299991  -0.12244380  0.00000000
379.00000000  0.11724890  -0.11673749  0.00000000
380.00000000  0.11969120  -0.11907653  0.00000000
381.00000000  0.13011305  -0.12927096  0.00000000
382.00000000  0.14656194  -0.14537142  0.00000000
383.00000000  0.16605797  -0.16440102  0.00000000
384.00000000  0.18556938  -0.18335280  0.00000000
385.00000000  0.20281595  -0.19999503  0.00000000
386.00000000  0.21665078  -0.21323782  0.00000000
387.00000000  0.22700438  -0.22305827  0.00000000
388.00000000  0.23453794  -0.23014146  0.00000000
389.00000000  0.24021101  -0.23544620  0.00000000
390.00000000  0.24492133  -0.23985237  0.00000000
391.00000000  0.24929313  -0.24396038  0.00000000
392.00000000  0.25361383  -0.24803962  0.00000000
393.00000000  0.25786778  -0.25206876  0.00000000
394.00000000  0.26181051  -0.25581303  0.00000000
395.00000000  0.26504156  -0.25889513  0.00000000
396.00000000  0.26705626  -0.26084337  0.00000000
397.00000000  0.26728636  -0.26112527  0.00000000
398.00000000  0.26513898  -0.25918099  0.00000000
399.00000000  0.26006374  -0.25448087  0.00000000
400.00000000  0.25165918  -0.24662441  0.00000000
401.00000000  0.23982579  -0.23548397  0.00000000
402.00000000  0.22494999  -0.22138533  0.00000000
403.00000000  0.20806816  -0.20527552  0.00000000
404.00000000  0.19091909  -0.18879309  0.00000000
405.00000000  0.17576937  -0.17412221  0.00000000
406.00000000  0.16494364  -0.16354997  0.00000000
407.00000000  0.16014832  -0.15879561  0.00000000
408.00000000  0.16182245  -0.16034491  0.00000000
409.00000000  0.16885033  -0.16713753  0.00000000
410.00000000  0.17881459  -0.17681295  0.00000000
411.00000000  0.18867905  -0.18639809  0.00000000
412.00000000  0.19559208  -0.19311194  0.00000000
413.00000000  0.19750866  -0.19497566  0.00000000
414.00000000  0.19349949  -0.19109997  0.00000000
415.00000000  0.18377891  -0.18169448  0.00000000
416.00000000  0.16958146  -0.16793647  0.00000000
417.00000000  0.15300009  -0.15182032  0.00000000
418.00000000  0.13677038  -0.13597456  0.00000000
419.00000000  0.12390088  -0.12333547  0.00000000
420.00000000  0.11706655  -0.11656543  0.00000000
421.00000000  0.11786632  -0.11729222  0.00000000
422.00000000  0.12629181  -0.12553330  0.00000000
423.00000000  0.14074433  -0.13969369  0.00000000
424.00000000  0.15862478  -0.15717235  0.00000000
425.00000000  0.17718962  -0.17523953  0.00000000
426.00000000  0.19428776  -0.19177890  0.00000000
427.00000000  0.20873402  -0.20565063  0.00000000
428.00000000  0.22029120  -0.21665841  0.00000000
429.00000000  0.22938828  -0.22525683  0.00000000
430.00000000  0.23674870  -0.23217700  0.00000000
431.00000000  0.24307148  -0.23811232  0.00000000
432.00000000  0.24883246  -0.24352898  0.00000000
433.00000000  0.25422108  -0.24861012  0.00000000
434.00000000  0.25916392  -0.25328580  0.00000000
435.00000000  0.26338989  -0.25729913  0.00000000
436.00000000  0.26649868  -0.26027384  0.00000000
437.00000000  0.26801631  -0.26176468  0.00000000
438.00000000  0.26743865  -0.26129642  0.00000000
439.00000000  0.26427850  -0.25840440  0.00000000
440.00000000  0.25813693  -0.25269812  0.00000000
441.00000000  0.24881284  -0.24396309  0.00000000
442.00000000  0.23644578  -0.23229833  0.00000000
443.00000000  0.22166532  -0.21826519  0.00000000
444.00000000  0.20569479  -0.20299970  0.00000000
445.00000000  0.19031332  -0.18819436  0.00000000
446.00000000  0.17759936  -0.17586605  0.00000000
447.00000000  0.16945480  -0.16789703  0.00000000
448.00000000  0.16701537  -0.16544488  0.00000000
449.00000000  0.17019285  -0.16846618  0.00000000
450.00000000  0.17759101  -0.17561693  0.00000000
451.00000000  0.18686146  -0.18460466  0.00000000
452.00000000  0.19533700  -0.19282503  0.00000000
453.00000000  0.20067051  -0.19799729  0.00000000
454.00000000  0.20127721  -0.19859333  0.00000000
455.00000000  0.19650945  -0.19399521  0.00000000
456.00000000  0.18663289  -0.18445650  0.00000000
457.00000000  0.17272136  -0.17099386  0.00000000
458.00000000  0.15654533  -0.15528689  0.00000000
459.00000000  0.14043377  -0.13956869  0.00000000
460.00000000  0.12701291  -0.12639992  0.00000000
461.00000000  0.11872999  -0.11821441  0.00000000
462.00000000  0.11722590  -0.11667852  0.00000000
463.00000000  0.12283424  -0.12215277  0.00000000
464.00000000  0.13450159  -0.13358983  0.00000000
465.00000000  0.15019166  -0.14894782  0.00000000
466.00000000  0.16756202  -0.16588631  0.00000000
467.00000000  0.18460397  -0.18241569  0.00000000
468.00000000  0.20001484  -0.19726586  0.00000000
469.00000000  0.21325590  -0.20993368  0.00000000
470.00000000  0.22437991  -0.22050160  0.00000000
471.00000000  0.23375784  -0.22936007  0.00000000
472.00000000  0.24181998  -0.23694991  0.00000000
473.00000000  0.24888402  -0.24359453  0.00000000
474.00000000  0.25507882  -0.24942899  0.00000000
475.00000000  0.26034221  -0.25440153  0.00000000
476.00000000  0.26445812  -0.25831148  0.00000000
477.00000000  0.26710111  -0.26085374  0.00000000
478.00000000  0.26788130  -0.26165977  0.00000000
479.00000000  0.26638913  -0.26033893  0.00000000
480.00000000  0.26225215  -0.25652945  0.00000000
481.00000000  0.25522032  -0.24997711  0.00000000
482.00000000  0.24527699  -0.24064063  0.00000000
483.00000000  0.23276651  -0.22881594  0.00000000
484.00000000  0.21850665  -0.21525094  0.00000000
485.00000000  0.20382313  -0.20119199  0.00000000
486.00000000  0.19043691  -0.18828872  0.00000000
487.00000000  0.18016133  -0.17831150  0.00000000
488.00000000  0.17444499  -0.17270376  0.00000000
489.00000000  0.17390427  -0.17210765  0.00000000
490.00000000  0.17804995  -0.17607680  0.00000000
491.00000000  0.18536334  -0.18314163  0.00000000
492.00000000  0.19368756  -0.19119962  0.00000000
493.00000000  0.20077370  -0.19806096  0.00000000
494.00000000  0.20476764  -0.20193021  0.00000000
495.00000000  0.20449254  -0.20167650  0.00000000
496.00000000  0.19951992  -0.19689150  0.00000000
497.00000000  0.19010575  -0.18781602  0.00000000
498.00000000  0.17709634  -0.17524511  0.00000000
499.00000000  0.16186064  -0.16047038  0.00000000
500.00000000  0.14622898  -0.14524038  0.00000000
501.00000000  0.13235094  -0.13164507  0.00000000
502.00000000  0.12238468  -0.12182333  0.00000000
503.00000000  0.11802987  -0.11749064  0.00000000
504.00000000  0.12007599  -0.11946076  0.00000000
505.00000000  0.12819843  -0.12741813  0.00000000
506.00000000  0.14111446  -0.14007294  0.00000000
507.00000000  0.15701200  -0.15560476  0.00000000
508.00000000  0.17404370  -0.17217004  0.00000000
509.00000000  0.19070743  -0.18828553  0.00000000
510.00000000  0.20602082  -0.20299983  0.00000000
511.00000000  0.21951254  -0.21587677  0.00000000
512.00000000  0.23109326  -0.22686030  0.00000000
513.00000000  0.24088338  -0.23609895  0.00000000
514.00000000  0.24906270  -0.24379447  0.00000000
515.00000000  0.25576419  -0.25009724  0.00000000
516.00000000  0.26101798  -0.25505209  0.00000000
517.00000000  0.26473558  -0.25858450  0.00000000
518.00000000  0.26671708  -0.26050803  0.00000000
519.00000000  0.26667941  -0.26055163  0.00000000
520.00000000  0.26431057  -0.25841102  0.00000000
521.00000000  0.25934574  -0.25382048  0.00000000
522.00000000  0.25166985  -0.24664958  0.00000000
523.00000000  0.24143295  -0.23701516  0.00000000
524.00000000  0.22915442  -0.22538440  0.00000000
525.00000000  0.21578617  -0.21264251  0.00000000
526.00000000  0.20267777  -0.20007081  0.00000000
527.00000000  0.19140217  -0.18918782  0.00000000
528.00000000  0.18343674  -0.18144400  0.00000000
529.00000000  0.17977214  -0.17783427  0.00000000
530.00000000  0.18058380  -0.17856202  0.00000000
531.00000000  0.18512772  -0.18292296  0.00000000
532.00000000  0.19191019  -0.18946941  0.00000000
533.00000000  0.19907035  -0.19639017  0.00000000
534.00000000  0.20481710  -0.20194632  0.00000000
535.00000000  0.20776258  -0.20479803  0.00000000
536.00000000  0.20707493  -0.20414850  0.00000000
537.00000000  0.20246917  -0.19972612  0.00000000
538.00000000  0.19412191  -0.19169398  0.00000000
539.00000000  0.18258844  -0.18056749  0.00000000
540.00000000  0.16877221  -0.16719124  0.00000000
541.00000000  0.15393837  -0.15276541  0.00000000
542.00000000  0.13970292  -0.13885179  0.00000000
543.00000000  0.12790261  -0.12725838  0.00000000
544.00000000  0.12031016  -0.11975722  0.00000000
545.00000000  0.11824893  -0.11768668  0.00000000
546.00000000  0.12225387  -0.12159208  0.00000000
547.00000000  0.13193281  -0.13107666  0.00000000
548.00000000  0.14609167  -0.14493249  0.00000000
549.00000000  0.16305961  -0.16147946  0.00000000
550.00000000  0.18107705  -0.17896436  0.00000000
551.00000000  0.19862123  -0.19588970  0.00000000
552.00000000  0.21460165  -0.21120483  0.00000000
553.00000000  0.22840513  -0.22434345  0.00000000
554.00000000  0.23982601  -0.23514500  0.00000000
555.00000000  0.24893376  -0.24371617  0.00000000
556.00000000  0.25591874  -0.25027499  0.00000000
557.00000000  0.26095864  -0.25501719  0.00000000
558.00000000  0.26413271  -0.25803262  0.00000000
559.00000000  0.26538640  -0.25927261  0.00000000
560.00000000  0.26455176  -0.25857049  0.00000000
561.00000000  0.26141578  -0.25570941  0.00000000
562.00000000  0.25582090  -0.25051969  0.00000000
563.00000000  0.24778101  -0.24299073  0.00000000
564.00000000  0.23759222  -0.23337977  0.00000000
565.00000000  0.22590989  -0.22228983  0.00000000
566.00000000  0.21375342  -0.21068121  0.00000000
567.00000000  0.20240992  -0.19978583  0.00000000
568.00000000  0.19322249  -0.19090843  0.00000000
569.00000000  0.18729255  -0.18513696  0.00000000
570.00000000  0.18518569  -0.18304761  0.00000000
571.00000000  0.18675081  -0.18451664  0.00000000
572.00000000  0.19113842  -0.18873064  0.00000000
573.00000000  0.19701821  -0.19439967  0.00000000
574.00000000  0.20290703  -0.20008296  0.00000000
575.00000000  0.20747723  -0.20449497  0.00000000
576.00000000  0.20975263  -0.20669590  0.00000000
577.00000000  0.20915970  -0.20613793  0.00000000
578.00000000  0.20546858  -0.20260175  0.00000000
579.00000000  0.19869824  -0.19609968  0.00000000
580.00000000  0.18905793  -0.18681704  0.00000000
581.00000000  0.17696056  -0.17512874  0.00000000
582.00000000  0.16310857  -0.16168979  0.00000000
583.00000000  0.14859824  -0.14754736  0.00000000
584.00000000  0.13495497  -0.13418676  0.00000000
585.00000000  0.12401932  -0.12342634  0.00000000
586.00000000  0.11763553  -0.11710875  0.00000000
587.00000000  0.11720923  -0.11664770  0.00000000
588.00000000  0.12329121  -0.12259542  0.00000000
589.00000000  0.13537772  -0.13443606  0.00000000
590.00000000  0.15202895  -0.15071256  0.00000000
591.00000000  0.17124207  -0.16941661  0.00000000
592.00000000  0.19093011  -0.18847872  0.00000000
593.00000000  0.20934136  -0.20618923  0.00000000
594.00000000  0.22530636  -0.22143605  0.00000000
595.00000000  0.23827936  -0.23373395  0.00000000
596.00000000  0.24821910  -0.24309413  0.00000000
597.00000000  0.25538433  -0.24981235  0.00000000
598.00000000  0.26011917  -0.25425404  0.00000000
599.00000000  0.26269042  -0.25669324  0.00000000
600.00000000  0.26320973  -0.25723904  0.00000000
601.00000000  0.26164195  -0.25584692  0.00000000
602.00000000  0.25788587  -0.25239992  0.00000000
603.00000000  0.25189522  -0.24682847  0.00000000
604.00000000  0.24380475  -0.23923580  0.00000000
605.00000000  0.23403047  -0.22999591  0.00000000
606.00000000  0.22330391  -0.21979262  0.00000000
607.00000000  0.21262316  -0.20957561  0.00000000
608.00000000  0.20311458  -0.20043156  0.00000000
609.00000000  0.19582736  -0.19338539  0.00000000
610.00000000  0.19149435  -0.18916616  0.00000000
611.00000000  0.19034719  -0.18801829  0.00000000
612.00000000  0.19205765  -0.18963805  0.00000000
613.00000000  0.19582883  -0.19325893  0.00000000
614.00000000  0.20060369  -0.19785619  0.00000000
615.00000000  0.20530343  -0.20238404  0.00000000
616.00000000  0.20901430  -0.20595963  0.00000000
617.00000000  0.21107471  -0.20794789  0.00000000
618.00000000  0.21105675  -0.20794111  0.00000000
619.00000000  0.20868950  -0.20568046  0.00000000
620.00000000  0.20378250  -0.20097877  0.00000000
621.00000000  0.19619824  -0.19369194  0.00000000
622.00000000  0.18590397  -0.18376993  0.00000000
623.00000000  0.17310910  -0.17139123  0.00000000
624.00000000  0.15845554  -0.15715371  0.00000000
625.00000000  0.14317572  -0.14223948  0.00000000
626.00000000  0.12911709  -0.12845130  0.00000000
627.00000000  0.11853202  -0.11801720  0.00000000
628.00000000  0.11359846  -0.11311469  0.00000000
629.00000000  0.11579428  -0.11523017  0.00000000
630.00000000  0.12537938  -0.12462066  0.00000000
631.00000000  0.14125386  -0.14016789  0.00000000
632.00000000  0.16126440  -0.15970261  0.00000000
633.00000000  0.18280934  -0.18063071  0.00000000
634.00000000  0.20348047  -0.20058353  0.00000000
635.00000000  0.22152029  -0.21786836  0.00000000
636.00000000  0.23600069  -0.23163091  0.00000000
637.00000000  0.24674065  -0.24175662  0.00000000
638.00000000  0.25405425  -0.24860670  0.00000000
639.00000000  0.25845408  -0.25271848  0.00000000
640.00000000  0.26041332  -0.25456905  0.00000000
641.00000000  0.26023775  -0.25445330  0.00000000
642.00000000  0.25805452  -0.25247708  0.00000000
643.00000000  0.25389391  -0.24864291  0.00000000
644.00000000  0.24781856  -0.24298115  0.00000000
645.00000000  0.24005643  -0.23568271  0.00000000
646.00000000  0.23107828  -0.22717930  0.00000000
647.00000000  0.22160092  -0.21814829  0.00000000
648.00000000  0.21250981  -0.20943996  0.00000000
649.00000000  0.20470938  -0.20193303  0.00000000
650.00000000  0.19894360  -0.19635868  0.00000000
651.00000000  0.19564354  -0.19314863  0.00000000
652.00000000  0.19484469  -0.19234981  0.00000000
653.00000000  0.19620220  -0.19363654  0.00000000
654.00000000  0.19909750  -0.19641238  0.00000000
655.00000000  0.20279172  -0.19996215  0.00000000
656.00000000  0.20657055  -0.20359454  0.00000000
657.00000000  0.20983607  -0.20673309  0.00000000
658.00000000  0.21211974  -0.20892946  0.00000000
659.00000000  0.21303460  -0.20981489  0.00000000
660.00000000  0.21220793  -0.20903336  0.00000000
661.00000000  0.20923083  -0.20619072  0.00000000
662.00000000  0.20366277  -0.20085602  0.00000000
663.00000000  0.19511309  -0.19263850  0.00000000
664.00000000  0.18340442  -0.18134499  0.00000000
665.00000000  0.16880004  -0.16720130  0.00000000
666.00000000  0.15224148  -0.15109198  0.00000000
667.00000000  0.13549533  -0.13471840  0.00000000
668.00000000  0.12106328  -0.12053157  0.00000000
669.00000000  0.11173850  -0.11130804  0.00000000
670.00000000  0.10985225  -0.10939193  0.00000000
671.00000000  0.11648002  -0.11587059  0.00000000
672.00000000  0.13100314  -0.13011372  0.00000000
673.00000000  0.15126891  -0.14994551  0.00000000
674.00000000  0.17425632  -0.17234078  0.00000000
675.00000000  0.19692327  -0.19429080  0.00000000
676.00000000  0.21690045  -0.21349387  0.00000000
677.00000000  0.23283254  -0.22867951  0.00000000
678.00000000  0.24435194  -0.23955934  0.00000000
679.00000000  0.25180465  -0.24653639  0.00000000
680.00000000  0.25588092  -0.25032863  0.00000000
681.00000000  0.25728786  -0.25164381  0.00000000
682.00000000  0.25655398  -0.25099042  0.00000000
683.00000000  0.25398257  -0.24863961  0.00000000
684.00000000  0.24972895  -0.24470897  0.00000000
685.00000000  0.24393769  -0.23930435  0.00000000
686.00000000  0.23686926  -0.23264939  0.00000000
687.00000000  0.22897199  -0.22515877  0.00000000
688.00000000  0.22087036  -0.21742843  0.00000000
689.00000000  0.21327583  -0.21014766  0.00000000
690.00000000  0.20685759  -0.20397079  0.00000000
691.00000000  0.20211658  -0.19939220  0.00000000
692.00000000  0.19930185  -0.19666193  0.00000000
693.00000000  0.19839121  -0.19576539  0.00000000
694.00000000  0.19913499  -0.19646490  0.00000000
695.00000000  0.20114172  -0.19838271  0.00000000
696.00000000  0.20396812  -0.20109046  0.00000000
697.00000000  0.20718387  -0.20417266  0.00000000
698.00000000  0.21039265  -0.20724845  0.00000000
699.00000000  0.21321231  -0.20995229  0.00000000
700.00000000  0.21522979  -0.21189043  0.00000000
701.00000000  0.21595514  -0.21259522  0.00000000
702.00000000  0.21479774  -0.21150039  0.00000000
703.00000000  0.21108915  -0.20796049  0.00000000
704.00000000  0.20417257  -0.20133369  0.00000000
705.00000000  0.19357276  -0.19114214  0.00000000
706.00000000  0.17923944  -0.17730634  0.00000000
707.00000000  0.16182995  -0.16042428  0.00000000
708.00000000  0.14294764  -0.14201814  0.00000000
709.00000000  0.12517835  -0.12459651  0.00000000
710.00000000  0.11174761  -0.11134494  0.00000000
711.00000000  0.10573313  -0.10535091  0.00000000
712.00000000  0.10904115  -0.10854964  0.00000000
713.00000000  0.12164938  -0.12092210  0.00000000
714.00000000  0.14155105  -0.14043726  0.00000000
715.00000000  0.16542612  -0.16375907  0.00000000
716.00000000  0.18966632  -0.18730316  0.00000000
717.00000000  0.21130314  -0.20816761  0.00000000
718.00000000  0.22853689  -0.22464395  0.00000000
719.00000000  0.24079475  -0.23624852  0.00000000
720.00000000  0.24844003  -0.24340943  0.00000000
721.00000000  0.25232822  -0.24701279  0.00000000
722.00000000  0.25339168  -0.24798854  0.00000000
723.00000000  0.25237358  -0.24705268  0.00000000
724.00000000  0.24974149  -0.24463247  0.00000000
725.00000000  0.24574861  -0.24093716  0.00000000
726.00000000  0.24057306  -0.23610432  0.00000000
727.00000000  0.23445146  -0.23033684  0.00000000
728.00000000  0.22774875  -0.22397417  0.00000000
729.00000000  0.22094980  -0.21748270  0.00000000
730.00000000  0.21458626  -0.21138141  0.00000000
731.00000000  0.20913790  -0.20614174  0.00000000
732.00000000  0.20495163  -0.20210616  0.00000000
733.00000000  0.20220663  -0.19945279  0.00000000
734.00000000  0.20092227  -0.19820300  0.00000000
735.00000000  0.20099688  -0.19825961  0.00000000
736.00000000  0.20225812  -0.19945654  0.00000000
737.00000000  0.20449670  -0.20159231  0.00000000
738.00000000  0.20747633  -0.20443951  0.00000000
739.00000000  0.21091805  -0.20773064  0.00000000
740.00000000  0.21446609  -0.21112575  0.00000000
741.00000000  0.21765210  -0.21417765  0.00000000
742.00000000  0.21986951  -0.21630782  0.00000000
743.00000000  0.22037560  -0.21680625  0.00000000
744.00000000  0.21832943  -0.21486612  0.00000000
745.00000000  0.21288621  -0.20966968  0.00000000
746.00000000  0.20335497  -0.20053558  0.00000000
747.00000000  0.18944123  -0.18714850  0.00000000
748.00000000  0.17155105  -0.16985600  0.00000000
749.00000000  0.15108852  -0.14996971  0.00000000
750.00000000  0.13060461  -0.12993917  0.00000000
751.00000000  0.11357343  -0.11317166  0.00000000
752.00000000  0.10363936  -0.10331057  0.00000000
753.00000000  0.10345756  -0.10305474  0.00000000
754.00000000  0.11364908  -0.11305021  0.00000000
755.00000000  0.13248932  -0.13155389  0.00000000
756.00000000  0.15651786  -0.15508042  0.00000000
757.00000000  0.18169717  -0.17960419  0.00000000
758.00000000  0.20455013  -0.20170873  0.00000000
759.00000000  0.22286743  -0.21927689  0.00000000
760.00000000  0.23586002  -0.23161367  0.00000000
761.00000000  0.24386850  -0.23912995  0.00000000
762.00000000  0.24786061  -0.24282672  0.00000000
763.00000000  0.24894026  -0.24380460  0.00000000
764.00000000  0.24801545  -0.24294147  0.00000000
765.00000000  0.24567509  -0.24078235  0.00000000
766.00000000  0.24223627  -0.23759866  0.00000000
767.00000000  0.23787922  -0.23353152  0.00000000
768.00000000  0.23278527  -0.22873330  0.00000000
769.00000000  0.22721474  -0.22344567  0.00000000
770.00000000  0.22151320  -0.21800281  0.00000000
771.00000000  0.21606116  -0.21277861  0.00000000
772.00000000  0.21120970  -0.20811865  0.00000000
773.00000000  0.20723258  -0.20429188  0.00000000
774.00000000  0.20431323  -0.20147739  0.00000000
775.00000000  0.20256017  -0.19978000  0.00000000
776.00000000  0.20203032  -0.19925463  0.00000000
777.00000000  0.20274077  -0.19991791  0.00000000
778.00000000  0.20466161  -0.20174161  0.00000000
779.00000000  0.20768574  -0.20462379  0.00000000
780.00000000  0.21158977  -0.20835066  0.00000000
781.00000000  0.21599708  -0.21256188  0.00000000
782.00000000  0.22035767  -0.21673198  0.00000000
783.00000000  0.22394775  -0.22017045  0.00000000
784.00000000  0.22589491  -0.22204556  0.00000000
785.00000000  0.22523613  -0.22143665  0.00000000
786.00000000  0.22101000  -0.21741925  0.00000000
787.00000000  0.21240404  -0.20919921  0.00000000
788.00000000  0.19897443  -0.19631901  0.00000000
789.00000000  0.18094201  -0.17894283  0.00000000
790.00000000  0.15951228  -0.15817709  0.00000000
791.00000000  0.13709612  -0.13631390  0.00000000
792.00000000  0.11720835  -0.11677629  0.00000000
793.00000000  0.10381483  -0.10351259  0.00000000
794.00000000  0.10014339  -0.09980173  0.00000000
795.00000000  0.10744058  -0.10693879  0.00000000
796.00000000  0.12440649  -0.12361879  0.00000000
797.00000000  0.14766979  -0.14644088  0.00000000
798.00000000  0.17298670  -0.17116053  0.00000000
799.00000000  0.19652273  -0.19399291  0.00000000
800.00000000  0.21571523  -0.21246183  0.00000000
801.00000000  0.22952685  -0.22562413  0.00000000
802.00000000  0.23818955  -0.23378499  0.00000000
803.00000000  0.24268015  -0.23795821  0.00000000
804.00000000  0.24418248  -0.23932715  0.00000000
805.00000000  0.24370825  -0.23887469  0.00000000
806.00000000  0.24193498  -0.23723571  0.00000000
807.00000000  0.23922825  -0.23473190  0.00000000
808.00000000  0.23576394  -0.23150288  0.00000000
809.00000000  0.23166475  -0.22764665  0.00000000
810.00000000  0.22709087  -0.22330934  0.00000000
811.00000000  0.22226556  -0.21870752  0.00000000
812.00000000  0.21745116  -0.21409963  0.00000000
813.00000000  0.21291499  -0.20974873  0.00000000
814.00000000  0.20891018  -0.20590132  0.00000000
815.00000000  0.20567337  -0.20278570  0.00000000
816.00000000  0.20343171  -0.20061964  0.00000000
817.00000000  0.20240404  -0.19961324  0.00000000
818.00000000  0.20277631  -0.19994640  0.00000000
819.00000000  0.20465422  -0.20172215  0.00000000
820.00000000  0.20800072  -0.20490643  0.00000000
821.00000000  0.21258184  -0.20927551  0.00000000
822.00000000  0.21794493  -0.21439552  0.00000000
823.00000000  0.22342451  -0.21962988  0.00000000
824.00000000  0.22817646  -0.22417361  0.00000000
825.00000000  0.23123512  -0.22710733  0.00000000
826.00000000  0.23158416  -0.22746333  0.00000000
827.00000000  0.22824031  -0.22430025  0.00000000
828.00000000  0.22037233  -0.21680985  0.00000000
829.00000000  0.20748270  -0.20448510  0.00000000
830.00000000  0.18966773  -0.18736838  0.00000000
831.00000000  0.16793518  -0.16636696  0.00000000
832.00000000  0.14446738  -0.14353564  0.00000000
833.00000000  0.12261968  -0.12212057  0.00000000
834.00000000  0.10640295  -0.10609604  0.00000000
835.00000000  0.09938049  -0.09907354  0.00000000
836.00000000  0.10335516  -0.10292294  0.00000000
837.00000000  0.11759014  -0.11692160  0.00000000
838.00000000  0.13907479  -0.13803127  0.00000000
839.00000000  0.16363886  -0.16206956  0.00000000
840.00000000  0.18728177  -0.18507047  0.00000000
841.00000000  0.20714870  -0.20425436  0.00000000
842.00000000  0.22190192  -0.21837236  0.00000000
843.00000000  0.23154588  -0.22750355  0.00000000
844.00000000  0.23693855  -0.23254763  0.00000000
845.00000000  0.23924680  -0.23467684  0.00000000
846.00000000  0.23952802  -0.23492597  0.00000000
847.00000000  0.23852599  -0.23400056  0.00000000
848.00000000  0.23665376  -0.23227386  0.00000000
849.00000000  0.23409049  -0.22989213  0.00000000
850.00000000  0.23091036  -0.22690819  0.00000000
851.00000000  0.22718252  -0.22338051  0.00000000
852.00000000  0.22302139  -0.21941902  0.00000000
853.00000000  0.21859951  -0.21519339  0.00000000
854.00000000  0.21414386  -0.21092561  0.00000000
855.00000000  0.20993401  -0.20688555  0.00000000
856.00000000  0.20630133  -0.20339116  0.00000000
857.00000000  0.20361909  -0.20080031  0.00000000
858.00000000  0.20226780  -0.19947889  0.00000000
859.00000000  0.20257288  -0.19974142  0.00000000
860.00000000  0.20471650  -0.20176595  0.00000000
861.00000000  0.20865464  -0.20551200  0.00000000
862.00000000  0.21407241  -0.21067744  0.00000000
863.00000000  0.22038826  -0.21670410  0.00000000
864.00000000  0.22680250  -0.22282650  0.00000000
865.00000000  0.23237729  -0.22815044  0.00000000
866.00000000  0.23612155  -0.23173456  0.00000000
867.00000000  0.23705591  -0.23264986  0.00000000
868.00000000  0.23427193  -0.23002979  0.00000000
869.00000000  0.22700754  -0.22313584  0.00000000
870.00000000  0.21477918  -0.21147670  0.00000000
871.00000000  0.19759689  -0.19501230  0.00000000
872.00000000  0.17625776  -0.17444378  0.00000000
873.00000000  0.15262482  -0.15150836  0.00000000
874.00000000  0.12971409  -0.12910458  0.00000000
875.00000000  0.11134140  -0.11099337  0.00000000
876.00000000  0.10118684  -0.10088839  0.00000000
877.00000000  0.10152296  -0.10113713  0.00000000
878.00000000  0.11228170  -0.11170647  0.00000000
879.00000000  0.13105397  -0.13017002  0.00000000
880.00000000  0.15400611  -0.15267430  0.00000000
881.00000000  0.17715816  -0.17525771  0.00000000
882.00000000  0.19743218  -0.19490163  0.00000000
883.00000000  0.21315587  -0.21001326  0.00000000
884.00000000  0.22401421  -0.22035052  0.00000000
885.00000000  0.23063925  -0.22659200  0.00000000
886.00000000  0.23408768  -0.22980784  0.00000000
887.00000000  0.23540473  -0.23102926  0.00000000
888.00000000  0.23537111  -0.23100644  0.00000000
889.00000000  0.23443593  -0.23015484  0.00000000
890.00000000  0.23277774  -0.22862515  0.00000000
891.00000000  0.23042309  -0.22642581  0.00000000
892.00000000  0.22736105  -0.22353709  0.00000000
893.00000000  0.22362603  -0.21998943  0.00000000
894.00000000  0.21934289  -0.21590377  0.00000000
895.00000000  0.21475087  -0.21151043  0.00000000
896.00000000  0.21021159  -0.20715645  0.00000000
897.00000000  0.20619380  -0.20329086  0.00000000
898.00000000  0.20323136  -0.20042644  0.00000000
899.00000000  0.20184407  -0.19906440  0.00000000
900.00000000  0.20242956  -0.19959038  0.00000000
901.00000000  0.20515607  -0.20216949  0.00000000
902.00000000  0.20988558  -0.20667063  0.00000000
903.00000000  0.21615931  -0.21265253  0.00000000
904.00000000  0.22325052  -0.21941681  0.00000000
905.00000000  0.23026223  -0.22610463  0.00000000
906.00000000  0.23623599  -0.23180358  0.00000000
907.00000000  0.24023674  -0.23562817  0.00000000
908.00000000  0.24140266  -0.23676401  0.00000000
909.00000000  0.23896386  -0.23448005  0.00000000
910.00000000  0.23227137  -0.22814795  0.00000000
911.00000000  0.22088039  -0.21731587  0.00000000
912.00000000  0.20472427  -0.20187286  0.00000000
913.00000000  0.18437605  -0.18230674  0.00000000
914.00000000  0.16133443  -0.15999937  0.00000000
915.00000000  0.13817607  -0.13741027  0.00000000
916.00000000  0.11834837  -0.11791711  0.00000000
917.00000000  0.10544175  -0.10512204  0.00000000
918.00000000  0.10206299  -0.10170072  0.00000000
919.00000000  0.10882884  -0.10832236  0.00000000
920.00000000  0.12409698  -0.12334404  0.00000000
921.00000000  0.14459842  -0.14347637  0.00000000
922.00000000  0.16657338  -0.16496308  0.00000000
923.00000000  0.18683736  -0.18466090  0.00000000
924.00000000  0.20340596  -0.20065126  0.00000000
925.00000000  0.21559449  -0.21231717  0.00000000
926.00000000  0.22372232  -0.22002739  0.00000000
927.00000000  0.22864294  -0.22465761  0.00000000
928.00000000  0.23130505  -0.22715335  0.00000000
929.00000000  0.23246077  -0.22824775  0.00000000
930.00000000  0.23255499  -0.22836085  0.00000000
931.00000000  0.23175456  -0.22763813  0.00000000
932.00000000  0.23005460  -0.22606012  0.00000000
933.00000000  0.22740360  -0.22356705  0.00000000
934.00000000  0.22381261  -0.22016358  0.00000000
935.00000000  0.21942805  -0.21598694  0.00000000
936.00000000  0.21456724  -0.21133947  0.00000000
937.00000000  0.20971778  -0.20668741  0.00000000
938.00000000  0.20549610  -0.20262191  0.00000000
939.00000000  0.20256217  -0.19977850  0.00000000
940.00000000  0.20150051  -0.19872278  0.00000000
941.00000000  0.20268905  -0.19982319  0.00000000
942.00000000  0.20619558  -0.20314817  0.00000000
943.00000000  0.21173167  -0.20842093  0.00000000
944.00000000  0.21868512  -0.21505174  0.00000000
945.00000000  0.22622673  -0.22224279  0.00000000
946.00000000  0.23343961  -0.22911726  0.00000000
947.00000000  0.23942654  -0.23482312  0.00000000
948.00000000  0.24337636  -0.23859531  0.00000000
949.00000000  0.24458076  -0.23976792  0.00000000
950.00000000  0.24241632  -0.23775072  0.00000000
951.00000000  0.23633949  -0.23201783  0.00000000
952.00000000  0.22594106  -0.22215401  0.00000000
953.00000000  0.21108773  -0.20798884  0.00000000
954.00000000  0.19215237  -0.18982266  0.00000000
955.00000000  0.17028198  -0.16869996  0.00000000
956.00000000  0.14758046  -0.14661436  0.00000000
957.00000000  0.12701827  -0.12645762  0.00000000
958.00000000  0.11191809  -0.11154048  0.00000000
959.00000000  0.10503049  -0.10466558  0.00000000
960.00000000  0.10756198  -0.10709958  0.00000000
961.00000000  0.11870004  -0.11804894  0.00000000
962.00000000  0.13593122  -0.13498667  0.00000000
963.00000000  0.15594402  -0.15459470  0.00000000
964.00000000  0.17563175  -0.17378859  0.00000000
965.00000000  0.19278900  -0.19041161  0.00000000
966.00000000  0.20634949  -0.20345582  0.00000000
967.00000000  0.21623082  -0.21288888  0.00000000
968.00000000  0.22295749  -0.21926631  0.00000000
969.00000000  0.22725925  -0.22332817  0.00000000
970.00000000  0.22977331  -0.22570653  0.00000000
971.00000000  0.23090135  -0.22679047  0.00000000
972.00000000  0.23080818  -0.22673072  0.00000000
973.00000000  0.22950917  -0.22553058  0.00000000
974.00000000  0.22698906  -0.22316399  0.00000000
975.00000000  0.22331493  -0.21968572  0.00000000
976.00000000  0.21871920  -0.21531124  0.00000000
977.00000000  0.21363330  -0.21044922  0.00000000
978.00000000  0.20866817  -0.20568320  0.00000000
979.00000000  0.20454484  -0.20170602  0.00000000
980.00000000  0.20197807  -0.19920847  0.00000000
981.00000000  0.20153366  -0.19874057  0.00000000
982.00000000  0.20349599  -0.20058131  0.00000000
983.00000000  0.20778926  -0.20466043  0.00000000
984.00000000  0.21397538  -0.21055581  0.00000000
985.00000000  0.22133695  -0.21757527  0.00000000
986.00000000  0.22900878  -0.22488713  0.00000000
987.00000000  0.23611611  -0.23165584  0.00000000
988.00000000  0.24186940  -0.23713426  0.00000000
989.00000000  0.24559957  -0.24069455  0.00000000
990.00000000  0.24674290  -0.24180959  0.00000000
991.00000000  0.24480464  -0.24001202  0.00000000
992.00000000  0.23934036  -0.23487101  0.00000000
993.00000000  0.22998904  -0.22602049  0.00000000
994.00000000  0.21658565  -0.21326488  0.00000000
995.00000000  0.19935107  -0.19676566  0.00000000
996.00000000  0.17912039  -0.17727207  0.00000000
997.00000000  0.15752375  -0.15631683  0.00000000
998.00000000  0.13698280  -0.13624160  0.00000000
999.00000000  0.12038669  -0.11990465  0.00000000
1000.00000000  0.11041199  -0.11001042  0.00000000
1001.00000000  0.10868923  -0.10824464  0.00000000
1002.00000000  0.11522731  -0.11465038  0.00000000
1003.00000000  0.12842989  -0.12763041  0.00000000
1004.00000000  0.14568035  -0.14455777  0.00000000
1005.00000000  0.16416889  -0.16262840  0.00000000
1006.00000000  0.18158916  -0.17956583  0.00000000
1007.00000000  0.19649468  -0.19396956  0.00000000
1008.00000000  0.20830588  -0.20530823  0.00000000
1009.00000000  0.21708114  -0.21367989  0.00000000
1010.00000000  0.22320683  -0.21949579  0.00000000
1011.00000000  0.22712862  -0.22321248  0.00000000
1012.00000000  0.22919227  -0.22517593  0.00000000
1013.00000000  0.22960287  -0.22558412  0.00000000
1014.00000000  0.22846736  -0.22453256  0.00000000
1015.00000000  0.22588547  -0.22210534  0.00000000
1016.00000000  0.22204427  -0.21846919  0.00000000
1017.00000000  0.21729216  -0.21394667  0.00000000
1018.00000000  0.21216476  -0.20904383  0.00000000
1019.00000000  0.20735618  -0.20442356  0.00000000
1020.00000000  0.20363051  -0.20082198  0.00000000
1021.00000000  0.20168771  -0.19891803  0.00000000
1022.00000000  0.20201488  -0.19918798  0.00000000
1023.00000000  0.20477089  -0.20179003  0.00000000
1024.00000000  0.20973970  -0.20651771  0.00000000
1025.00000000  0.21636930  -0.21283785  0.00000000
1026.00000000  0.22388712  -0.22000478  0.00000000
1027.00000000  0.23144537  -0.22720444  0.00000000
1028.00000000  0.23824489  -0.23367569  0.00000000
1029.00000000  0.24361080  -0.23878206  0.00000000
1030.00000000  0.24700604  -0.24202238  0.00000000
1031.00000000  0.24800065  -0.24299662  0.00000000
1032.00000000  0.24622513  -0.24135607  0.00000000
1033.00000000  0.24134141  -0.23677208  0.00000000
1034.00000000  0.23305878  -0.22894838  0.00000000
1035.00000000  0.22121321  -0.21769649  0.00000000
1036.00000000  0.20591024  -0.20307550  0.00000000
1037.00000000  0.18770364  -0.18557189  0.00000000
1038.00000000  0.16775694  -0.16626926  0.00000000
1039.00000000  0.14789838  -0.14692211  0.00000000
1040.00000000  0.13046783  -0.12982669  0.00000000
1041.00000000  0.11789511  -0.11741515  0.00000000
1042.00000000  0.11207324  -0.11161828  0.00000000
1043.00000000  0.11377726  -0.11324961  0.00000000
1044.00000000  0.12241873  -0.12173406  0.00000000
1045.00000000  0.13626528  -0.13533236  0.00000000
1046.00000000  0.15299585  -0.15171832  0.00000000
1047.00000000  0.17031565  -0.16860995  0.00000000
1048.00000000  0.18640977  -0.18422467  0.00000000
1049.00000000  0.20013717  -0.19746631  0.00000000
1050.00000000  0.21099387  -0.20787686  0.00000000
1051.00000000  0.21894164  -0.21545683  0.00000000
1052.00000000  0.22419766  -0.22044940  0.00000000
1053.00000000  0.22706299  -0.22316764  0.00000000
1054.00000000  0.22782521  -0.22389808  0.00000000
1055.00000000  0.22673722  -0.22288191  0.00000000
1056.00000000  0.22405712  -0.22035588  0.00000000
1057.00000000  0.22011372  -0.21662048  0.00000000
1058.00000000  0.21536595  -0.21210116  0.00000000
1059.00000000  0.21042570  -0.20737493  0.00000000
1060.00000000  0.20602241  -0.20313907  0.00000000
1061.00000000  0.20290922  -0.20012061  0.00000000
1062.00000000  0.20172685  -0.19894348  0.00000000
1063.00000000  0.20286137  -0.19998737  0.00000000
1064.00000000  0.20634747  -0.20329058  0.00000000
1065.00000000  0.21185166  -0.20853244  0.00000000
1066.00000000  0.21874376  -0.21510364  0.00000000
1067.00000000  0.22623023  -0.22223885  0.00000000
1068.00000000  0.23349980  -0.22916029  0.00000000
1069.00000000  0.23983952  -0.23519053  0.00000000
1070.00000000  0.24469109  -0.23980567  0.00000000
1071.00000000  0.24764958  -0.24262998  0.00000000
1072.00000000  0.24841993  -0.24339081  0.00000000
1073.00000000  0.24676287  -0.24186282  0.00000000
1074.00000000  0.24245669  -0.23782831  0.00000000
1075.00000000  0.23529120  -0.23107105  0.00000000
1076.00000000  0.22511320  -0.22141947  0.00000000
1077.00000000  0.21192172  -0.20883951  0.00000000
1078.00000000  0.19599774  -0.19356470  0.00000000
1079.00000000  0.17804992  -0.17624404  0.00000000
1080.00000000  0.15932117  -0.15805767  0.00000000
1081.00000000  0.14157930  -0.14072327  0.00000000
1082.00000000  0.12692137  -0.12631664  0.00000000
1083.00000000  0.11736825  -0.11687097  0.00000000
1084.00000000  0.11434428  -0.11384123  0.00000000
1085.00000000  0.11824206  -0.11764320  0.00000000
1086.00000000  0.12828709  -0.12750496  0.00000000
1087.00000000  0.14277090  -0.14171046  0.00000000
1088.00000000  0.15952465  -0.15809126  0.00000000
1089.00000000  0.17642903  -0.17454775  0.00000000
1090.00000000  0.19179407  -0.18942866  0.00000000
1091.00000000  0.20453699  -0.20170046  0.00000000
1092.00000000  0.21416990  -0.21092416  0.00000000
1093.00000000  0.22066191  -0.21710745  0.00000000
1094.00000000  0.22426191  -0.22052164  0.00000000
1095.00000000  0.22534543  -0.22154681  0.00000000
1096.00000000  0.22432297  -0.22058147  0.00000000
1097.00000000  0.22161791  -0.21802337  0.00000000
1098.00000000  0.21769805  -0.21430553  0.00000000
1099.00000000  0.21311943  -0.20994498  0.00000000
1100.00000000  0.20854788  -0.20556878  0.00000000
1101.00000000  0.20472313  -0.20188415  0.00000000
1102.00000000  0.20236261  -0.19958504  0.00000000
1103.00000000  0.20202480  -0.19921744  0.00000000
1104.00000000  0.20397988  -0.20104954  0.00000000
1105.00000000  0.20813660  -0.20499748  0.00000000
1106.00000000  0.21405581  -0.21063793  0.00000000
1107.00000000  0.22104788  -0.21730454  0.00000000
1108.00000000  0.22831863  -0.22423233  0.00000000
1109.00000000  0.23511714  -0.23070250  0.00000000
1110.00000000  0.24083768  -0.23614143  0.00000000
1111.00000000  0.24505857  -0.24015537  0.00000000
1112.00000000  0.24751966  -0.24250601  0.00000000
1113.00000000  0.24806635  -0.24305272  0.00000000
1114.00000000  0.24658637  -0.24168992  0.00000000
1115.00000000  0.24295461  -0.23829299  0.00000000
1116.00000000  0.23701337  -0.23269892  0.00000000
1117.00000000  0.22859165  -0.22472563  0.00000000
1118.00000000  0.21756709  -0.21423222  0.00000000
1119.00000000  0.20396650  -0.20121667  0.00000000
1120.00000000  0.18809718  -0.18594588  0.00000000
1121.00000000  0.17069249  -0.16910282  0.00000000
1122.00000000  0.15301000  -0.15189277  0.00000000
1123.00000000  0.13680747  -0.13603321  0.00000000
1124.00000000  0.12412403  -0.12354892  0.00000000
1125.00000000  0.11684778  -0.11634172  0.00000000
1126.00000000  0.11619068  -0.11564825  0.00000000
1127.00000000  0.12228327  -0.12161338  0.00000000
1128.00000000  0.13409029  -0.13319997  0.00000000
1129.00000000  0.14969622  -0.14848731  0.00000000
1130.00000000  0.16681674  -0.16520008  0.00000000
1131.00000000  0.18331870  -0.18123575  0.00000000
1132.00000000  0.19759335  -0.19503355  0.00000000
1133.00000000  0.20870684  -0.20571418  0.00000000
1134.00000000  0.21635568  -0.21302195  0.00000000
1135.00000000  0.22069991  -0.21714818  0.00000000
1136.00000000  0.22216609  -0.21852984  0.00000000
1137.00000000  0.22129397  -0.21769616  0.00000000
1138.00000000  0.21866226  -0.21519756  0.00000000
1139.00000000  0.21487920  -0.21160279  0.00000000
1140.00000000  0.21060385  -0.20752712  0.00000000
1141.00000000  0.20655353  -0.20364675  0.00000000
1142.00000000  0.20346352  -0.20066428  0.00000000
1143.00000000  0.20198853  -0.19921404  0.00000000
1144.00000000  0.20257650  -0.19973567  0.00000000
1145.00000000  0.20535828  -0.20236297  0.00000000
1146.00000000  0.21010530  -0.20687912  0.00000000
1147.00000000  0.21627960  -0.21276528  0.00000000
1148.00000000  0.22315988  -0.21932490  0.00000000
1149.00000000  0.22999628  -0.22583663  0.00000000
1150.00000000  0.23614402  -0.23168476  0.00000000
1151.00000000  0.24113932  -0.23643185  0.00000000
1152.00000000  0.24471149  -0.23982771  0.00000000
1153.00000000  0.24674223  -0.24176766  0.00000000
1154.00000000  0.24719565  -0.24222253  0.00000000
1155.00000000  0.24604413  -0.24116655  0.00000000
1156.00000000  0.24321266  -0.23852400  0.00000000
1157.00000000  0.23855576  -0.23414713  0.00000000
1158.00000000  0.23185849  -0.22781830  0.00000000
1159.00000000  0.22287855  -0.21928906  0.00000000
1160.00000000  0.21143013  -0.20836091  0.00000000
1161.00000000  0.19751404  -0.19500953  0.00000000
1162.00000000  0.18147704  -0.17954248  0.00000000
1163.00000000  0.16416600  -0.16275600  0.00000000
1164.00000000  0.14701495  -0.14603181  0.00000000
1165.00000000  0.13196772  -0.13127680  0.00000000
1166.00000000  0.12116156  -0.12062012  0.00000000
1167.00000000  0.11639622  -0.11587962  0.00000000
1168.00000000  0.11856863  -0.11797512  0.00000000
1169.00000000  0.12733488  -0.12657140  0.00000000
1170.00000000  0.14117520  -0.14014512  0.00000000
1171.00000000  0.15782307  -0.15643145  0.00000000
1172.00000000  0.17485738  -0.17303066  0.00000000
1173.00000000  0.19023113  -0.18793897  0.00000000
1174.00000000  0.20258147  -0.19984941  0.00000000
1175.00000000  0.21129407  -0.20820135  0.00000000
1176.00000000  0.21638067  -0.21304561  0.00000000
1177.00000000  0.21827148  -0.21482827  0.00000000
1178.00000000  0.21761711  -0.21419144  0.00000000
1179.00000000  0.21515207  -0.21184029  0.00000000
1180.00000000  0.21163391  -0.20848916  0.00000000
1181.00000000  0.20782709  -0.20485541  0.00000000
1182.00000000  0.20448908  -0.20165369  0.00000000
1183.00000000  0.20231859  -0.19955198  0.00000000
1184.00000000  0.20186383  -0.19908196  0.00000000
1185.00000000  0.20342000  -0.20053563  0.00000000
1186.00000000  0.20695658  -0.20389058  0.00000000
1187.00000000  0.21211991  -0.20880845  0.00000000
1188.00000000  0.21831632  -0.21471693  0.00000000
1189.00000000  0.22485194  -0.22094645  0.00000000
1190.00000000  0.23107681  -0.22687292  0.00000000
1191.00000000  0.23649029  -0.23201968  0.00000000
1192.00000000  0.24078564  -0.23609923  0.00000000
1193.00000000  0.24383233  -0.23899420  0.00000000
1194.00000000  0.24561752  -0.24069847  0.00000000
1195.00000000  0.24617057  -0.24124373  0.00000000
1196.00000000  0.24549581  -0.24063429  0.00000000
1197.00000000  0.24352512  -0.23880249  0.00000000
1198.00000000  0.24009286  -0.23558517  0.00000000
1199.00000000  0.23493727  -0.23072456  0.00000000
1200.00000000  0.22773142  -0.22389698  0.00000000
1201.00000000  0.21815266  -0.21477784  0.00000000
1202.00000000  0.20599590  -0.20314908  0.00000000
1203.00000000  0.19132949  -0.18904990  0.00000000
1204.00000000  0.17467603  -0.17295657  0.00000000
1205.00000000  0.15716243  -0.15593860  0.00000000
1206.00000000  0.14054549  -0.13970035  0.00000000
1207.00000000  0.12701382  -0.12640125  0.00000000
1208.00000000  0.11872348  -0.11820140  0.00000000
1209.00000000  0.11717719  -0.11662796  0.00000000
1210.00000000  0.12269744  -0.12202331  0.00000000
1211.00000000  0.13426498  -0.13337171  0.00000000
1212.00000000  0.14979871  -0.14859150  0.00000000
1213.00000000  0.16674438  -0.16514206  0.00000000
1214.00000000  0.18271351  -0.18067139  0.00000000
1215.00000000  0.19594719  -0.19347434  0.00000000
1216.00000000  0.20551115  -0.20267291  0.00000000
1217.00000000  0.21124533  -0.20815094  0.00000000
1218.00000000  0.21356186  -0.21034086  0.00000000
1219.00000000  0.21320543  -0.20998043  0.00000000
1220.00000000  0.21105695  -0.20792042  0.00000000
1221.00000000  0.20801012  -0.20500983  0.00000000
1222.00000000  0.20490871  -0.20204434  0.00000000
1223.00000000  0.20250618  -0.19973607  0.00000000
1224.00000000  0.20141454  -0.19866967  0.00000000
1225.00000000  0.20203242  -0.19923243  0.00000000
1226.00000000  0.20448098  -0.20154746  0.00000000
1227.00000000  0.20858592  -0.20545182  0.00000000
1228.00000000  0.21391879  -0.21053474  0.00000000
1229.00000000  0.21989866  -0.21623616  0.00000000
1230.00000000  0.22592294  -0.22197588  0.00000000
1231.00000000  0.23148386  -0.22726707  0.00000000
1232.00000000  0.23623295  -0.23177929  0.00000000
1233.00000000  0.23999187  -0.23534736  0.00000000
1234.00000000  0.24271961  -0.23793773  0.00000000
1235.00000000  0.24445429  -0.23959117  0.00000000
1236.00000000  0.24524614  -0.24035832  0.00000000
1237.00000000  0.24510010  -0.24024475  0.00000000
1238.00000000  0.24393822  -0.23917471  0.00000000
1239.00000000  0.24157901  -0.23697253  0.00000000
1240.00000000  0.23773344  -0.23335797  0.00000000
1241.00000000  0.23202688  -0.22796585  0.00000000
1242.00000000  0.22405231  -0.22039513  0.00000000
1243.00000000  0.21346746  -0.21029967  0.00000000
1244.00000000  0.20014259  -0.19752946  0.00000000
1245.00000000  0.18434840  -0.18231507  0.00000000
1246.00000000  0.16693583  -0.16545030  0.00000000
1247.00000000  0.14943305  -0.14840133  0.00000000
1248.00000000  0.13395175  -0.13323340  0.00000000
1249.00000000  0.12281925  -0.12226019  0.00000000
1250.00000000  0.11797073  -0.11743554  0.00000000
1251.00000000  0.12030429  -0.11968522  0.00000000
1252.00000000  0.12931208  -0.12851584  0.00000000
1253.00000000  0.14319500  -0.14213066  0.00000000
1254.00000000  0.15940344  -0.15798910  0.00000000
1255.00000000  0.17533699  -0.17352055  0.00000000
1256.00000000  0.18893625  -0.18671426  0.00000000
1257.00000000  0.19900204  -0.19642605  0.00000000
1258.00000000  0.20521866  -0.20238489  0.00000000
1259.00000000  0.20796776  -0.20499408  0.00000000
1260.00000000  0.20805687  -0.20505574  0.00000000
1261.00000000  0.20646638  -0.20352092  0.00000000
1262.00000000  0.20416734  -0.20131727  0.00000000
1263.00000000  0.20201959  -0.19925910  0.00000000
1264.00000000  0.20071544  -0.19800206  0.00000000
1265.00000000  0.20074064  -0.19800946  0.00000000
1266.00000000  0.20233764  -0.19951685  0.00000000
1267.00000000  0.20548779  -0.20251052  0.00000000
1268.00000000  0.20993149  -0.20674393  0.00000000
1269.00000000  0.21523234  -0.21179813  0.00000000
1270.00000000  0.22087741  -0.21717903  0.00000000
1271.00000000  0.22638218  -0.22242101  0.00000000
1272.00000000  0.23137124  -0.22716513  0.00000000
1273.00000000  0.23561546  -0.23119530  0.00000000
1274.00000000  0.23902346  -0.23442838  0.00000000
1275.00000000  0.24160342  -0.23687658  0.00000000
1276.00000000  0.24341130  -0.23859674  0.00000000
1277.00000000  0.24449688  -0.23963857  0.00000000
1278.00000000  0.24485983  -0.24000238  0.00000000
1279.00000000  0.24441613  -0.23960826  0.00000000
1280.00000000  0.24297553  -0.23827438  0.00000000
1281.00000000  0.24023406  -0.23570880  0.00000000
1282.00000000  0.23578711  -0.23152085  0.00000000
1283.00000000  0.22917105  -0.22525844  0.00000000
1284.00000000  0.21995202  -0.21649082  0.00000000
1285.00000000  0.20786446  -0.20493995  0.00000000
1286.00000000  0.19299504  -0.19065884  0.00000000
1287.00000000  0.17597842  -0.17422719  0.00000000
1288.00000000  0.15813708  -0.15690024  0.00000000
1289.00000000  0.14145488  -0.14060232  0.00000000
1290.00000000  0.12828794  -0.12766016  0.00000000
1291.00000000  0.12079897  -0.12024572  0.00000000
1292.00000000  0.12027459  -0.11967631  0.00000000
1293.00000000  0.12663624  -0.12589826  0.00000000
1294.00000000  0.13841133  -0.13744855  0.00000000
1295.00000000  0.15319055  -0.15192641  0.00000000
1296.00000000  0.16833995  -0.16672140  0.00000000
1297.00000000  0.18166380  -0.17967941  0.00000000
1298.00000000  0.19180639  -0.18949379  0.00000000
1299.00000000  0.19833495  -0.19577323  0.00000000
1300.00000000  0.20157476  -0.19886389  0.00000000
1301.00000000  0.20232244  -0.19955827  0.00000000
1302.00000000  0.20156342  -0.19881564  0.00000000
1303.00000000  0.20025897  -0.19755891  0.00000000
1304.00000000  0.19921944  -0.19655895  0.00000000
1305.00000000  0.19904546  -0.19638541  0.00000000
1306.00000000  0.20010228  -0.19738603  0.00000000
1307.00000000  0.20251372  -0.19968031  0.00000000
1308.00000000  0.20617607  -0.20317076  0.00000000
1309.00000000  0.21080080  -0.20758142  0.00000000
1310.00000000  0.21598521  -0.21252552  0.00000000
1311.00000000  0.22129951  -0.21758983  0.00000000
1312.00000000  0.22636849  -0.22241423  0.00000000
1313.00000000  0.23092209  -0.22674195  0.00000000
1314.00000000  0.23481415  -0.23043565  0.00000000
1315.00000000  0.23800820  -0.23346412  0.00000000
1316.00000000  0.24054261  -0.23586723  0.00000000
1317.00000000  0.24248539  -0.23771259  0.00000000
1318.00000000  0.24388772  -0.23905084  0.00000000
1319.00000000  0.24474490  -0.23987879  0.00000000
1320.00000000  0.24496232  -0.24010745  0.00000000
1321.00000000  0.24433210  -0.23953958  0.00000000
1322.00000000  0.24252366  -0.23786019  0.00000000
1323.00000000  0.23909849  -0.23464814  0.00000000
1324.00000000  0.23355623  -0.22941883  0.00000000
1325.00000000  0.22541767  -0.22170043  0.00000000
1326.00000000  0.21435565  -0.21115793  0.00000000
1327.00000000  0.20036747  -0.19775890  0.00000000
1328.00000000  0.18396090  -0.18195841  0.00000000
1329.00000000  0.16629504  -0.16484714  0.00000000
1330.00000000  0.14918397  -0.14817357  0.00000000
1331.00000000  0.13486911  -0.13413887  0.00000000
1332.00000000  0.12552334  -0.12491560  0.00000000
1333.00000000  0.12260637  -0.12199257  0.00000000
1334.00000000  0.12634391  -0.12562719  0.00000000
1335.00000000  0.13561115  -0.13471229  0.00000000
1336.00000000  0.14829040  -0.14714092  0.00000000
1337.00000000  0.16192155  -0.16047186  0.00000000
1338.00000000  0.17435525  -0.17258897  0.00000000
1339.00000000  0.18418624  -0.18212746  0.00000000
1340.00000000  0.19088523  -0.18859318  0.00000000
1341.00000000  0.19466817  -0.19222116  0.00000000
1342.00000000  0.19623123  -0.19370534  0.00000000
1343.00000000  0.19647402  -0.19392432  0.00000000
1344.00000000  0.19627921  -0.19372937  0.00000000
1345.00000000  0.19637504  -0.19381665  0.00000000
1346.00000000  0.19727208  -0.19467157  0.00000000
1347.00000000  0.19924428  -0.19655430  0.00000000
1348.00000000  0.20233831  -0.19950880  0.00000000
1349.00000000  0.20640534  -0.20339240  0.00000000
1350.00000000  0.21115604  -0.20792717  0.00000000
1351.00000000  0.21623112  -0.21276796  0.00000000
1352.00000000  0.22127537  -0.21757387  0.00000000
1353.00000000  0.22600034  -0.22206907  0.00000000
1354.00000000  0.23022139  -0.22607860  0.00000000
1355.00000000  0.23386304  -0.22953275  0.00000000
1356.00000000  0.23694061  -0.23244895  0.00000000
1357.00000000  0.23952222  -0.23489486  0.00000000
1358.00000000  0.24168450  -0.23694570  0.00000000
1359.00000000  0.24347000  -0.23864406  0.00000000
1360.00000000  0.24484728  -0.23996186  0.00000000
1361.00000000  0.24568200  -0.24077319  0.00000000
1362.00000000  0.24572556  -0.24084313  0.00000000
1363.00000000  0.24461663  -0.23982836  0.00000000
1364.00000000  0.24190186  -0.23729527  0.00000000
1365.00000000  0.23708639  -0.23276573  0.00000000
1366.00000000  0.22971208  -0.22578962  0.00000000
1367.00000000  0.21947031  -0.21605134  0.00000000
1368.00000000  0.20634831  -0.20351027  0.00000000
1369.00000000  0.19078691  -0.18855745  0.00000000
1370.00000000  0.17380169  -0.17214306  0.00000000
1371.00000000  0.15699019  -0.15579972  0.00000000
1372.00000000  0.14235073  -0.14148195  0.00000000
1373.00000000  0.13188241  -0.13118047  0.00000000
1374.00000000  0.12703957  -0.12637289  0.00000000
1375.00000000  0.12825316  -0.12752292  0.00000000
1376.00000000  0.13475986  -0.13389109  0.00000000
1377.00000000  0.14484636  -0.14377822  0.00000000
1378.00000000  0.15638554  -0.15507342  0.00000000
1379.00000000  0.16742061  -0.16584508  0.00000000
1380.00000000  0.17658636  -0.17475927  0.00000000
1381.00000000  0.18327051  -0.18123181  0.00000000
1382.00000000  0.18753901  -0.18534483  0.00000000
1383.00000000  0.18992668  -0.18763284  0.00000000
1384.00000000  0.19119117  -0.18883808  0.00000000
1385.00000000  0.19210121  -0.18970546  0.00000000
1386.00000000  0.19329327  -0.19084591  0.00000000
1387.00000000  0.19519663  -0.19266923  0.00000000
1388.00000000  0.19801152  -0.19536507  0.00000000
1389.00000000  0.20172596  -0.19891997  0.00000000
1390.00000000  0.20615968  -0.20315970  0.00000000
1391.00000000  0.21102615  -0.20780863  0.00000000
1392.00000000  0.21600679  -0.21256053  0.00000000
1393.00000000  0.22081904  -0.21714476  0.00000000
1394.00000000  0.22526453  -0.22137249  0.00000000
1395.00000000  0.22924617  -0.22515269  0.00000000
1396.00000000  0.23276015  -0.22848390  0.00000000
1397.00000000  0.23586588  -0.23142532  0.00000000
1398.00000000  0.23864269  -0.23405485  0.00000000
1399.00000000  0.24114537  -0.23642692  0.00000000
1400.00000000  0.24337211  -0.23854175  0.00000000
1401.00000000  0.24523720  -0.24032025  0.00000000
1402.00000000  0.24655612  -0.24158947  0.00000000
1403.00000000  0.24704619  -0.24208269  0.00000000
1404.00000000  0.24634030  -0.24145155  0.00000000
1405.00000000  0.24401200  -0.23928867  0.00000000
1406.00000000  0.23962249  -0.23516969  0.00000000
1407.00000000  0.23278713  -0.22871603  0.00000000
1408.00000000  0.22326489  -0.21967827  0.00000000
1409.00000000  0.21107115  -0.20804517  0.00000000
1410.00000000  0.19659849  -0.19416444  0.00000000
1411.00000000  0.18071008  -0.17884079  0.00000000
1412.00000000  0.16474895  -0.16335826  0.00000000
1413.00000000  0.15040500  -0.14936359  0.00000000
1414.00000000  0.13940734  -0.13857228  0.00000000
1415.00000000  0.13309468  -0.13233814  0.00000000
1416.00000000  0.13201629  -0.13123919  0.00000000
1417.00000000  0.13574865  -0.13487780  0.00000000
1418.00000000  0.14302465  -0.14200453  0.00000000
1419.00000000  0.15212902  -0.15091951  0.00000000
1420.00000000  0.16137968  -0.15996011  0.00000000
1421.00000000  0.16951218  -0.16788495  0.00000000
1422.00000000  0.17586915  -0.17405781  0.00000000
1423.00000000  0.18038709  -0.17842756  0.00000000
1424.00000000  0.18344173  -0.18137068  0.00000000
1425.00000000  0.18563715  -0.18347998  0.00000000
1426.00000000  0.18760623  -0.18537062  0.00000000
1427.00000000  0.18987080  -0.18754579  0.00000000
1428.00000000  0.19276005  -0.19032067  0.00000000
1429.00000000  0.19638693  -0.19380143  0.00000000
1430.00000000  0.20067561  -0.19791271  0.00000000
1431.00000000  0.20542035  -0.20245513  0.00000000
1432.00000000  0.21035680  -0.20717393  0.00000000
1433.00000000  0.21523197  -0.21182607  0.00000000
1434.00000000  0.21985635  -0.21623071  0.00000000
1435.00000000  0.22412862  -0.22029226  0.00000000
1436.00000000  0.22803268  -0.22399744  0.00000000
1437.00000000  0.23161300  -0.22739078  0.00000000
1438.00000000  0.23493476  -0.23053674  0.00000000
1439.00000000  0.23804849  -0.23348543  0.00000000
1440.00000000  0.24095748  -0.23624215  0.00000000
1441.00000000  0.24359627  -0.23874712  0.00000000
1442.00000000  0.24582112  -0.24086647  0.00000000
1443.00000000  0.24741374  -0.24239525  0.00000000
1444.00000000  0.24808915  -0.24306479  0.00000000
1445.00000000  0.24751496  -0.24255949  0.00000000
1446.00000000  0.24533285  -0.24053693  0.00000000
1447.00000000  0.24119377  -0.23665871  0.00000000
1448.00000000  0.23480497  -0.23063467  0.00000000
1449.00000000  0.22599731  -0.22228630  0.00000000
1450.00000000  0.21481186  -0.21163039  0.00000000
1451.00000000  0.20158741  -0.19896697  0.00000000
1452.00000000  0.18703446  -0.18495665  0.00000000
1453.00000000  0.17224632  -0.17064190  0.00000000
1454.00000000  0.15860248  -0.15736276  0.00000000
1455.00000000  0.14754164  -0.14654067  0.00000000
1456.00000000  0.14023691  -0.13935570  0.00000000
1457.00000000  0.13727625  -0.13641810  0.00000000
1458.00000000  0.13848627  -0.13757946  0.00000000
1459.00000000  0.14299107  -0.14198364  0.00000000
1460.00000000  0.14948779  -0.14834364  0.00000000
1461.00000000  0.15662052  -0.15531920  0.00000000
1462.00000000  0.16331108  -0.16184826  0.00000000
1463.00000000  0.16894588  -0.16733180  0.00000000
1464.00000000  0.17339328  -0.17164624  0.00000000
1465.00000000  0.17689490  -0.17503299  0.00000000
1466.00000000  0.17989276  -0.17792611  0.00000000
1467.00000000  0.18285644  -0.18078299  0.00000000
1468.00000000  0.18614933  -0.18395513  0.00000000
1469.00000000  0.18996300  -0.18762571  0.00000000
1470.00000000  0.19431116  -0.19180571  0.00000000
1471.00000000  0.19906861  -0.19637240  0.00000000
1472.00000000  0.20403762  -0.20113389  0.00000000
1473.00000000  0.20901246  -0.20589180  0.00000000
1474.00000000  0.21382985  -0.21048965  0.00000000
1475.00000000  0.21839723  -0.21483994  0.00000000
1476.00000000  0.22269329  -0.21892406  0.00000000
1477.00000000  0.22674638  -0.22277112  0.00000000
1478.00000000  0.23060142  -0.22642578  0.00000000
1479.00000000  0.23428862  -0.22991897  0.00000000
1480.00000000  0.23779787  -0.23324348  0.00000000
1481.00000000  0.24106626  -0.23634164  0.00000000
1482.00000000  0.24397705  -0.23910496  0.00000000
1483.00000000  0.24636286  -0.24137713  0.00000000
1484.00000000  0.24801221  -0.24295990  0.00000000
1485.00000000  0.24867675  -0.24361938  0.00000000
1486.00000000  0.24808285  -0.24309577  0.00000000
1487.00000000  0.24594930  -0.24111933  0.00000000
1488.00000000  0.24200949  -0.23743089  0.00000000
1489.00000000  0.23604780  -0.23181464  0.00000000
1490.00000000  0.22795261  -0.22414920  0.00000000
1491.00000000  0.21778034  -0.21446970  0.00000000
1492.00000000  0.20582710  -0.20303914  0.00000000
1493.00000000  0.19268163  -0.19040465  0.00000000
1494.00000000  0.17922926  -0.17740850  0.00000000
1495.00000000  0.16657378  -0.16512001  0.00000000
1496.00000000  0.15586805  -0.15467413  0.00000000
1497.00000000  0.14807530  -0.14703563  0.00000000
1498.00000000  0.14372993  -0.14275494  0.00000000
1499.00000000  0.14279932  -0.14182095  0.00000000
1500.00000000  0.14471212  -0.14368191  0.00000000
1501.00000000  0.14855152  -0.14743650  0.00000000
1502.00000000  0.15332837  -0.15210842  0.00000000
1503.00000000  0.15823278  -0.15689856  0.00000000
1504.00000000  0.16278365  -0.16133405  0.00000000
1505.00000000  0.16684881  -0.16528656  0.00000000
1506.00000000  0.17056254  -0.16888896  0.00000000
1507.00000000  0.17419010  -0.17240137  0.00000000
1508.00000000  0.17799695  -0.17608221  0.00000000
1509.00000000  0.18215699  -0.18009959  0.00000000
1510.00000000  0.18671809  -0.18449813  0.00000000
1511.00000000  0.19161510  -0.18921292  0.00000000
1512.00000000  0.19671294  -0.19411187  0.00000000
1513.00000000  0.20185886  -0.19904701  0.00000000
1514.00000000  0.20692840  -0.20389819  0.00000000
1515.00000000  0.21184720  -0.20859487  0.00000000
1516.00000000  0.21658862  -0.21311283  0.00000000
1517.00000000  0.22115824  -0.21745910  0.00000000
1518.00000000  0.22557110  -0.22164984  0.00000000
1519.00000000  0.22983061  -0.22569025  0.00000000
1520.00000000  0.23391093  -0.22955792  0.00000000
1521.00000000  0.23775077  -0.23319685  0.00000000
1522.00000000  0.24125145  -0.23651585  0.00000000
1523.00000000  0.24428096  -0.23939222  0.00000000
1524.00000000  0.24667981  -0.24167733  0.00000000
1525.00000000  0.24826536  -0.24320005  0.00000000
1526.00000000  0.24883644  -0.24377100  0.00000000
1527.00000000  0.24817669  -0.24318461  0.00000000
1528.00000000  0.24606504  -0.24122833  0.00000000
1529.00000000  0.24229801  -0.23770292  0.00000000
1530.00000000  0.23672105  -0.23245202  0.00000000
1531.00000000  0.22927366  -0.22540487  0.00000000
1532.00000000  0.22004326  -0.21662922  0.00000000
1533.00000000  0.20931263  -0.20637925  0.00000000
1534.00000000  0.19758750  -0.19512579  0.00000000
1535.00000000  0.18558085  -0.18354701  0.00000000
1536.00000000  0.17414707  -0.17246905  0.00000000
1537.00000000  0.16415371  -0.16274387  0.00000000
1538.00000000  0.15631318  -0.15508343  0.00000000
1539.00000000  0.15103310  -0.14990625  0.00000000
1540.00000000  0.14834017  -0.14725558  0.00000000
1541.00000000  0.14790545  -0.14681920  0.00000000
1542.00000000  0.14917189  -0.14805314  0.00000000
1543.00000000  0.15153481  -0.15036204  0.00000000
1544.00000000  0.15449594  -0.15325435  0.00000000
1545.00000000  0.15775025  -0.15642853  0.00000000
1546.00000000  0.16118924  -0.15977739  0.00000000
1547.00000000  0.16484344  -0.16332982  0.00000000
1548.00000000  0.16879851  -0.16716889  0.00000000
1549.00000000  0.17312403  -0.17136137  0.00000000
1550.00000000  0.17783089  -0.17591645  0.00000000
1551.00000000  0.18286325  -0.18077815  0.00000000
1552.00000000  0.18812095  -0.18584776  0.00000000
1553.00000000  0.19349127  -0.19101499  0.00000000
1554.00000000  0.19887835  -0.19618662  0.00000000
1555.00000000  0.20421596  -0.20129907  0.00000000
1556.00000000  0.20946689  -0.20631726  0.00000000
1557.00000000  0.21461225  -0.21122423  0.00000000
1558.00000000  0.21963640  -0.21600658  0.00000000
1559.00000000  0.22451386  -0.22064172  0.00000000
1560.00000000  0.22919933  -0.22508873  0.00000000
1561.00000000  0.23362665  -0.22928688  0.00000000
1562.00000000  0.23770884  -0.23315620  0.00000000
1563.00000000  0.24134056  -0.23659955  0.00000000
1564.00000000  0.24440095  -0.23950528  0.00000000
1565.00000000  0.24675243  -0.24174587  0.00000000
1566.00000000  0.24823922  -0.24317549  0.00000000
1567.00000000  0.24869138  -0.24363399  0.00000000
1568.00000000  0.24793257  -0.24295329  0.00000000
1569.00000000  0.24579282  -0.24096909  0.00000000
1570.00000000  0.24213082  -0.23754154  0.00000000
1571.00000000  0.23686281  -0.23258235  0.00000000
1572.00000000  0.22999746  -0.22608845  0.00000000
1573.00000000  0.22166800  -0.21817413  0.00000000
1574.00000000  0.21215346  -0.20909379  0.00000000
1575.00000000  0.20188062  -0.19924629  0.00000000
1576.00000000  0.19139828  -0.18915391  0.00000000
1577.00000000  0.18131645  -0.17940639  0.00000000
1578.00000000  0.17222100  -0.17057833  0.00000000
1579.00000000  0.16458122  -0.16313794  0.00000000
1580.00000000  0.15867785  -0.15737250  0.00000000
1581.00000000  0.15457380  -0.15335573  0.00000000
1582.00000000  0.15214115  -0.15097089  0.00000000
1583.00000000  0.15113701  -0.14998408  0.00000000
1584.00000000  0.15129226  -0.15013236  0.00000000
1585.00000000  0.15238109  -0.15119347  0.00000000
1586.00000000  0.15425172  -0.15301722  0.00000000
1587.00000000  0.15682004  -0.15551983  0.00000000
1588.00000000  0.16004132  -0.15865581  0.00000000
1589.00000000  0.16387445  -0.16238320  0.00000000
1590.00000000  0.16825880  -0.16664085  0.00000000
1591.00000000  0.17311025  -0.17134458  0.00000000
1592.00000000  0.17832875  -0.17639498  0.00000000
1593.00000000  0.18381253  -0.18169118  0.00000000
1594.00000000  0.18947023  -0.18714334  0.00000000
1595.00000000  0.19522712  -0.19267814  0.00000000
1596.00000000  0.20102216  -0.19823651  0.00000000
1597.00000000  0.20680059  -0.20376590  0.00000000
1598.00000000  0.21250761  -0.20921467  0.00000000
1599.00000000  0.21808313  -0.21452662  0.00000000
1600.00000000  0.22345893  -0.21963868  0.00000000
1601.00000000  0.22856009  -0.22448184  0.00000000
1602.00000000  0.23330407  -0.22898063  0.00000000
1603.00000000  0.23759817  -0.23305029  0.00000000
1604.00000000  0.24133901  -0.23659626  0.00000000
1605.00000000  0.24440995  -0.23951119  0.00000000
1606.00000000  0.24668156  -0.24167515  0.00000000
1607.00000000  0.24801725  -0.24296078  0.00000000
1608.00000000  0.24828021  -0.24323896  0.00000000
1609.00000000  0.24734250  -0.24238722  0.00000000
1610.00000000  0.24510047  -0.24030373  0.00000000
1611.00000000  0.24149179  -0.23692386  0.00000000
1612.00000000  0.23651408  -0.23223738  0.00000000
1613.00000000  0.23024321  -0.22630720  0.00000000
1614.00000000  0.22284377  -0.21928045  0.00000000
1615.00000000  0.21456882  -0.21139008  0.00000000
1616.00000000  0.20574693  -0.20294417  0.00000000
1617.00000000  0.19675574  -0.19430254  0.00000000
1618.00000000  0.18798330  -0.18583988  0.00000000
1619.00000000  0.17978422  -0.17790355  0.00000000
1620.00000000  0.17244473  -0.17077804  0.00000000
1621.00000000  0.16615774  -0.16465932  0.00000000
1622.00000000  0.16102473  -0.15965380  0.00000000
1623.00000000  0.15707491  -0.15579613  0.00000000
1624.00000000  0.15429063  -0.15307334  0.00000000
1625.00000000  0.15263361  -0.15145047  0.00000000
1626.00000000  0.15205924  -0.15088515  0.00000000
1627.00000000  0.15252037  -0.15133148  0.00000000
1628.00000000  0.15396351  -0.15273659  0.00000000
1629.00000000  0.15632334  -0.15503523  0.00000000
1630.00000000  0.15952168  -0.15814906  0.00000000
1631.00000000  0.16346958  -0.16198869  0.00000000
1632.00000000  0.16806984  -0.16645679  0.00000000
1633.00000000  0.17322299  -0.17145339  0.00000000
1634.00000000  0.17882875  -0.17687826  0.00000000
1635.00000000  0.18478633  -0.18263116  0.00000000
1636.00000000  0.19099538  -0.18861292  0.00000000
1637.00000000  0.19735540  -0.19472516  0.00000000
1638.00000000  0.20376633  -0.20087078  0.00000000
1639.00000000  0.21012741  -0.20695332  0.00000000
1640.00000000  0.21633801  -0.21287742  0.00000000
1641.00000000  0.22229581  -0.21854745  0.00000000
1642.00000000  0.22789432  -0.22386461  0.00000000
1643.00000000  0.23302385  -0.22872813  0.00000000
1644.00000000  0.23757103  -0.23303445  0.00000000
1645.00000000  0.24142084  -0.23667856  0.00000000
1646.00000000  0.24445769  -0.23955494  0.00000000
1647.00000000  0.24656968  -0.24156085  0.00000000
1648.00000000  0.24765423  -0.24260134  0.00000000
1649.00000000  0.24762757  -0.24259748  0.00000000
1650.00000000  0.24643397  -0.24149531  0.00000000
1651.00000000  0.24405263  -0.23927198  0.00000000
1652.00000000  0.24050489  -0.23594262  0.00000000
1653.00000000  0.23585811  -0.23156470  0.00000000
1654.00000000  0.23022835  -0.22624135  0.00000000
1655.00000000  0.22377516  -0.22011770  0.00000000
1656.00000000  0.21669421  -0.21337444  0.00000000
1657.00000000  0.20920315  -0.20621568  0.00000000
1658.00000000  0.20152678  -0.19885477  0.00000000
1659.00000000  0.19388342  -0.19150165  0.00000000
1660.00000000  0.18647474  -0.18435293  0.00000000
1661.00000000  0.17948341  -0.17758818  0.00000000
1662.00000000  0.17306842  -0.17136577  0.00000000
1663.00000000  0.16736193  -0.16581881  0.00000000
1664.00000000  0.16247188  -0.16105689  0.00000000
1665.00000000  0.15848595  -0.15716931  0.00000000
1666.00000000  0.15547045  -0.15422447  0.00000000
1667.00000000  0.15347157  -0.15227006  0.00000000
1668.00000000  0.15251493  -0.15133308  0.00000000
1669.00000000  0.15260720  -0.15142082  0.00000000
1670.00000000  0.15373568  -0.15252070  0.00000000
1671.00000000  0.15586843  -0.15460059  0.00000000
1672.00000000  0.15895739  -0.15761156  0.00000000
1673.00000000  0.16293848  -0.16148846  0.00000000
1674.00000000  0.16772987  -0.16614833  0.00000000
1675.00000000  0.17323522  -0.17149371  0.00000000
1676.00000000  0.17934413  -0.17741352  0.00000000
1677.00000000  0.18593290  -0.18378426  0.00000000
1678.00000000  0.19286709  -0.19047217  0.00000000
1679.00000000  0.20000000  -0.19733334  0.00000000
