0.0004603716960634753 0.35234874509291003
0.0014850959456143772 0.35623885896455565
0.002509820195165279 0.35995911885002196
0.003534544444716181 0.3641323226986329
0.004559268694267083 0.3650216828144454
0.005583992943817985 0.36415588507307267
0.006608717193368887 0.3596665356265431
0.007633441442919789 0.35268599438271825
0.00865816569247069 0.34425603245683073
0.009682889942021593 0.3335160563189057
0.010707614191572495 0.32579948113497076
0.011732338441123397 0.3235182335087712
0.012757062690674299 0.32378479567526
0.0137817869402252 0.32710872959297477
0.014806511189776102 0.3355282830960663
0.015831235439327008 0.348958529191445
0.016682954296096595 0.3607658204000978
0.01725963893870099 0.3736869907446653
0.017787527188469644 0.38430756141984945
0.018174528581146595 0.3955591338220613
0.01865255415237625 0.4037071111638243
0.01913830006287764 0.41860194176832755
0.019846291362567357 0.4318205304201668
0.020447669937303795 0.4430890755348135
0.021234326936959032 0.43622890530337305
0.02174668906173448 0.4216738607246425
0.022172428251478155 0.40098120493240486
0.022445364686428288 0.3839833158288625
0.023004305186183325 0.3532080819629147
0.0230974619361425 0.33622495534979324
0.02333035381104043 0.32075504995435533
0.023621705166428374 0.300687359657157
0.0241221861856934 0.2788279764749482
0.024867440185366785 0.2643670438248342
0.025892164434917684 0.2587453344704432
0.02691688868446859 0.25674717682120896
0.027941612934019488 0.26250568454082596
0.02882660205863163 0.2736451556151228
0.029385542558386667 0.2837566071222841
0.030177374933039635 0.30408115438231387
0.03057661814715038 0.3214092578984811
0.031108942432631365 0.3370922146413486
0.03148156943246806 0.3478536890745355
0.03180761805732517 0.36468127480052753
0.032133666682182274 0.380713063146828
0.0323066720749636 0.401040177225909
0.03287892068185565 0.42097531031063423
0.03315839093173316 0.43757874804126073
0.033391282806631103 0.4520031442133665
0.033624174681529034 0.4678807356005612
0.033857066556426965 0.48313552903843204
0.03401543303135755 0.5012840749746315
0.034416007056182 0.5208057898031726
0.03460232055610034 0.5345043396318464
0.03478863405601869 0.549137086384506
0.03497494755593704 0.5631470351878418
0.03520783943083497 0.5785056282839333
0.03544583811903369 0.594565331444521
0.03597970964478241 0.5964950052043326
0.03627914205536546 0.5774503526271377
0.036449929430290615 0.5577256629301371
0.036558612305242974 0.5410121650070184
0.03665176905520215 0.5257521127203596
0.036799120237145114 0.5028841542346466
0.0368225564301273 0.4899269427038024
0.036915713180086476 0.4711492353329997
0.036977817680059255 0.4541250896993317
0.03701298696399778 0.43748692009230866
0.037146706038888436 0.42256726959447033
0.03724564333619189 0.3994702498775187
0.03725728792993678 0.38685840358768314
0.03728834017992318 0.36983475879675687
0.03733181332990411 0.3006204455153973
0.037350444679895956 0.3594537912892097
0.03738149692988235 0.3420149478654009
0.03744360142985513 0.33080358309208857
0.03749017980483471 0.3158556810442042
0.03756781042980069 0.28097774377521567
0.03762991492977347 0.20208900184204776
0.03762991492977347 0.26727518720460813
0.03774019781168193 0.2199407642998376
0.03778914121001009 0.248900079533745
0.03779850427946277 0.23571737192247483
0.03809569867956934 0.1562316973126061
0.038109006786706354 0.18149928518114056
0.03852421972938154 0.20224065702423932
0.03874495490237222 0.26129613660253587
0.03893410942920189 0.2763885217328721
0.03949051790749564 0.24544724925282707
0.03949304992895693 0.2136845129982562
0.03957337957349692 0.22696957361106973
0.03962114046015079 0.19873529623817482
0.03990972328231192 0.15867027140147372
0.040051990428711964 0.15077290494719897
0.04099159932098817 0.21428314079609567
0.04140276330311997 0.219570291688217
0.04238090917769129 0.20240869887031665
0.0434056334272422 0.21164921330660785
0.0444303576767931 0.22028580245870621
0.04536192517638482 0.23275819060481628
0.04620033592601738 0.24616942364732575
0.04699216830067035 0.2601177061880877
0.04759768717540497 0.27359151535748505
0.047923735800262074 0.28299050554348676
0.04870226006777803 0.300549747984956
0.04904161679977215 0.3149427699367414
0.04950740054956801 0.33029760671227
0.049833449174425115 0.344305301723268
0.05015949779928222 0.35955859263291373
0.05048554642413933 0.3743966849096769
0.05080227937400052 0.38954079043215273
0.05120751123632292 0.40391604307970336
0.051417113923731064 0.4202611085609472
0.051696584173608576 0.43624174834224994
0.0519760544234861 0.45242998743999396
0.05225552467336361 0.46841062722129667
0.05262815167320031 0.4845454639617052
0.05278341292313225 0.4968743591446084
0.052907621923077824 0.5126187639257123
0.053140513797975755 0.5292229529204514
0.053326827297894105 0.5447898965970968
0.053559719172792036 0.5618092842247184
0.054817335297240866 0.5513052346133945
0.05498812267216603 0.5320995432074971
0.05509680554711839 0.5182924357145563
0.05521325148456735 0.4994509195872292
0.0553762757969959 0.47780606142383225
0.05546943254695508 0.4631688070864972
0.05554706317192107 0.44552161308213456
0.05564021992188023 0.4282893672892836
0.05570232442185301 0.41396401276935213
0.05575555685040111 0.40061748383914153
0.05585758567178496 0.38095321724148085
0.05591525413604541 0.3014120918627463
0.05595074242174414 0.3583233892211567
0.05601284692171693 0.33382566819560283
0.05607495142168971 0.32302950205517306
0.056199160421635266 0.27631765248491935
0.056261264921608045 0.2657290856609309
0.056312428924886415 0.21731906554548674
0.05634112855889545 0.23230430759070353
0.05634429358572206 0.2478742052749794
0.05641551065797845 0.20095561109679544
0.05655108592148103 0.1745981968926904
0.056633891921444746 0.15569543783415452
0.05687374685536123 0.1907297205033322
0.05737914592111813 0.23830794555198076
0.05749093402106914 0.21447374099065225
0.05791945507088132 0.1847109273375671
0.05798466479585275 0.16989420435111718
0.058286735561817155 0.19931653534753946
0.05889627013473894 0.210295698573721
0.05922897281316457 0.19697177707159463
0.059780519920065694 0.19011605798064757
0.06063963216968918 0.20037791814613343
0.06152462129430132 0.19931621121322263
0.062409610418913464 0.21025751930364378
0.0633970719684807 0.21996290231344817
0.06445905891801527 0.226473828360503
0.06529746966764782 0.23853611519531398
0.06604272366732121 0.25283856212222544
0.06683455604197418 0.2648579010143873
0.0674400749167088 0.2783784200299839
0.06793691091649107 0.29294387856029397
0.06841822079128011 0.30549587414249446
0.06888400454107599 0.31924181621560327
0.06925663154091267 0.3337158584244816
0.06958268016576978 0.34938434796700985
0.06986215041564729 0.36308139526745853
0.07014162066552482 0.3759480453021421
0.07037451254042275 0.3853900578796573
0.07040778280826532 0.3981420507009695
0.07099866276514921 0.4077384373212741
0.07125950166503489 0.4282450427066417
0.07166939136485526 0.4455937344369416
0.07177186378981035 0.4557436882298723
0.07195817728972868 0.47245242814694466
0.07245723130736711 0.4951870958407745
0.0726258006644361 0.5127159274176052
0.07279658803936125 0.5298401163889309
0.0729829015392796 0.5472754539135477
0.07321579341417753 0.5633606446171837
0.07382131228891214 0.5746650409297697
0.07438025278866718 0.5522352995847611
0.07455104016359233 0.5359359986090416
0.07470630141352429 0.5187546509598174
0.07490592302057966 0.4980878850092695
0.07503235003838139 0.47748902796832604
0.07512550678834057 0.4631631726056529
0.07521866353829974 0.44790312031899404
0.07529629416326572 0.4302559263146314
0.0753583986632385 0.41738376700978885
0.0754116310917866 0.40181295968913605
0.07549813378817725 0.3862416157512599
0.07557576441314325 0.36589563063316066
0.07563786891311602 0.35136267679678795
0.07565339503810921 0.30257658701171747
0.0756689211631024 0.33392383337297915
0.07573102566307519 0.32271246859966685
0.07585523466302076 0.26624345115667325
0.07587076078801396 0.28222834810128056
0.07593314584481602 0.24776585536143525
0.07603404561749827 0.23354367476951954
0.07606483735042889 0.193640859514349
0.07628996616283022 0.15579360301153078
0.076456277422496 0.17901238696807575
0.07661577431040509 0.2157326506638268
0.07703522016250361 0.2371345649161543
0.07717495528744236 0.21837052290043635
0.07732380568964185 0.19681412305798224
0.07754758228727907 0.1688520758162917
0.07778503180080736 0.18391995635906488
0.0779793444429552 0.1991413402260453
0.0783752441811471 0.21412122174560216
0.07877049546530848 0.19975084177267793
0.07922440378654418 0.18696536033812183
0.07964350896249285 0.2032589971449441
0.08038886316103383 0.1977008349233546
0.08141358741058474 0.2025906641446138
0.08243831166013564 0.20675065712763302
0.08346303590968654 0.21637239939957087
0.08439460340927828 0.22783824540535963
0.08527959253389042 0.24010001096611477
0.08607142490854339 0.25572836511779073
0.08681667890821677 0.26966504182049617
0.08742219778295139 0.2818863351140312
0.08784130295890007 0.29555518032369776
0.08844692203250229 0.3064629120405442
0.08891270578229815 0.3210985654698298
0.08928533278213485 0.336195405628032
0.08961138140699196 0.35009930098080944
0.08989085165686947 0.36275835169905174
0.09021690028172658 0.37728504500115295
0.09054294890658368 0.39805009776231454
0.09110188940633872 0.417960237005504
0.09147451640617542 0.4339393742585816
0.09166082990609375 0.44909111930234435
0.09194030015597128 0.46548695771652965
0.09217319203086921 0.4790809566228703
0.09249940097391447 0.49542414135805546
0.09259239740568549 0.5084494985222976
0.09274765865561745 0.5225637478265956
0.0929184460305426 0.5397917364561421
0.09315133790544053 0.5572263227166463
0.09380343515515474 0.570577651931836
0.09440895402988936 0.5472412713964256
0.09457974140481451 0.5304229721296029
0.09468842427976688 0.5179652601935304
0.09489776645011926 0.5001083424929621
0.0949678945296444 0.4827726684720588
0.09506105127960357 0.4702114072991366
0.09515420802956275 0.45380955877205065
0.09524736477952192 0.43854950648539176
0.09525668045451782 0.3997490439896949
0.09532499540448788 0.4195529169241608
0.09551130890440623 0.3780300485794555
0.0956199917793586 0.35602276808708433
0.0956199917793586 0.3426326121766221
0.09571314852931778 0.31818629013743677
0.09585288365425654 0.2800376619490148
0.09588393590424292 0.2605228253607932
0.09603919715417489 0.2958122049421014
0.09613235390413406 0.2138608722486829
0.09627208902907282 0.16037584455816178
0.09630624650405784 0.19280749684218407
0.0963186674040524 0.22740372259002584
0.09657484846644013 0.24343663783249514
0.0970173430287462 0.238914215690828
0.09711049977870538 0.22583395622680252
0.0971171538322739 0.20254459497524174
0.09742324029642546 0.19201988049018182
0.09766944027846042 0.17475550921289795
0.09833706365316783 0.20059085599088983
0.09836811590315421 0.21427411580614875
0.09929968340274593 0.192698089136486
0.1001954213831226 0.20320697530483323
0.10122802812690082 0.2030561792605755
0.10200122915156196 0.20995865278031428
0.10302595340111285 0.21809511630644052
0.10405067765066375 0.22640143381874595
0.10507540190021467 0.24133205679204112
0.10591381264984721 0.25540832660583423
0.10656590989956143 0.26945524833585316
0.10712485039931646 0.28197336906147286
0.10755019408094535 0.29521134506846447
0.10810299627388778 0.3057553941564936
0.10856878002368364 0.32140432996364743
0.10889482864854075 0.3350487261708732
0.10917429889841827 0.3485381741548807
0.10950034752327537 0.3645180626720709
0.10982639614813247 0.3794599546070546
0.11017240693369512 0.3977824277251767
0.11066480689776503 0.418475103343988
0.11094427714764254 0.4344557431252908
0.11154979602237719 0.46605297262001144
0.11173610952229551 0.4860936815659662
0.11210873652213221 0.5080309192009085
0.11231057614704376 0.5243242100637273
0.11248136352196891 0.5422787963008182
0.11271425539686683 0.559817182219543
0.11336635264658104 0.5736592007281394
0.11397187152131566 0.5494169322664398
0.11414265889624081 0.531768235733852
0.11423969717744831 0.49940193716708936
0.1142513417711932 0.5195181231142207
0.11460844264603667 0.47467091107137566
0.11471712552098906 0.45536242169274105
0.11474817777097543 0.39847970814508993
0.11481028227094822 0.43854537453277265
0.11488791289591421 0.41799179009823206
0.11507422639583254 0.37916771286726336
0.11516738314579172 0.3440819258604627
0.11518290927078492 0.3581984289570986
0.11522948764576452 0.29923947182366395
0.11526053989575089 0.3206217005743735
0.11536922277070327 0.2822140740831416
0.11546237952066243 0.2629058351258779
0.11549731330189714 0.2075930288034712
0.11550606910019742 0.2477503803550271
0.11563039833878408 0.230102433147219
0.11564568398649505 0.17861755612707775
0.11574192191372465 0.16088702227836016
0.11588158489547873 0.1520410387692238
0.11607956232720243 0.19140150688187663
0.11661745107697152 0.24005128013094557
0.11672926322465074 0.22396052968500996
0.11685485650299807 0.2033283219156204
0.11718577939490712 0.16858642882608554
0.11737968895920936 0.1890866614337114
0.11792937889201355 0.21286697632566393
0.11879047655613856 0.18447815237000692
0.11951469814388646 0.20161188766349947
